  -7.3024838e-01
  -7.3337343e-01
  -3.1522364e-01
   4.8108450e-01
  -9.3834813e-01
  -8.3471747e-01
  -1.8027472e-01
   9.8105929e-01
   4.4621497e-01
  -2.5631623e+00
  -2.1825937e-01
   1.8593349e+00
   5.2360523e-01
  -2.7211692e-02
   7.0631291e-01
  -2.1174434e-01
  -1.5326735e-01
  -7.7155863e-01
  -1.6782146e+00
   8.8758195e-01
   1.0987631e+00
   8.1733826e-01
   5.8729257e-01
  -8.7260293e-01
   7.4225731e-01
   2.0971325e-01
  -4.9581149e-01
  -1.1177648e+00
   7.8585663e-01
  -8.0016634e-01
  -7.8360824e-02
   4.5737171e-01
   2.8590882e-01
  -1.4338553e+00
   1.1008059e+00
  -1.9198069e+00
  -2.9371212e-01
   1.7975529e-01
  -2.1196894e+00
   1.1095196e+00
  -8.3334374e-01
   9.3015515e-01
   1.2074127e+00
  -6.3999416e-01
  -1.9162839e-01
  -2.6271847e-01
  -8.8284652e-01
   9.5474005e-01
   9.8613245e-01
  -9.4365494e-02
   4.3444325e-01
  -1.8913580e-01
   1.3241192e+00
  -5.7229928e-01
  -1.2858005e+00
   5.3772840e-01
   8.1636609e-01
  -1.6588272e+00
   2.6516900e-01
  -3.3550212e-01
  -1.7084751e+00
   3.8007263e-01
  -1.7369389e-01
   5.0189361e-01
  -4.5485510e-01
   5.1465393e-01
   1.1533097e-02
  -7.2764183e-02
   8.4863145e-01
   1.5971847e+00
  -8.0151608e-01
  -1.3245765e+00
  -2.1711053e-01
   1.8611187e-01
  -6.1089835e-02
   3.3953387e-01
  -7.5937229e-01
  -6.6430017e-01
   2.2496073e-01
   7.3881574e-01
   1.0379903e+00
  -7.7751804e-01
  -1.2756422e-01
  -9.1175763e-01
   1.8428095e+00
   3.0316926e-01
  -3.5589200e-01
  -6.9558682e-01
   1.9938415e+00
   4.5672322e-01
   2.7479233e-01
  -7.1582545e-01
  -4.6215018e-01
   1.1533377e-01
  -4.1156423e-01
   1.7117047e+00
  -1.2717050e-01
  -1.5802221e-01
   6.0883129e-01
   5.8458078e-01
  -5.3516309e-01
   1.4613200e+00
  -2.1221236e+00
  -6.3077702e-01
   8.1822573e-02
   8.8520761e-02
   1.0475872e-01
  -5.1381917e-01
  -2.0965832e-01
  -9.8339182e-01
  -1.0712034e-02
   1.2483213e+00
  -1.6970556e+00
   2.3577067e+00
   1.5447961e-01
  -7.0851103e-01
   1.9771998e+00
  -1.8913240e-01
  -2.9693554e-01
   6.5453268e-01
   1.2764117e-01
  -7.8136856e-01
   5.8705015e-01
  -5.2951425e-01
  -5.5503425e-01
   7.1538277e-02
  -1.4697200e+00
   4.2118421e-01
   1.0273498e+00
  -4.0818082e-01
   8.6867284e-01
  -2.7659505e-01
   6.9129179e-01
   1.6239538e+00
   4.2922377e-01
   9.4608763e-02
   2.8167689e-01
   1.5058814e+00
   1.6351650e+00
   1.5361769e+00
  -1.3606811e-01
   1.2068111e+00
   2.2416077e-01
   8.3519273e-01
   1.4724641e-02
   8.1413108e-01
  -8.3859484e-01
   6.6474936e-01
  -7.8932585e-01
   3.6081407e-01
  -7.1430474e-01
  -5.4544608e-01
   8.1795010e-01
  -3.3621163e-01
  -5.2613535e-01
  -4.6199669e-01
   2.3404535e-01
  -6.7397562e-01
  -7.1619117e-01
  -2.3434374e-01
  -3.6983185e-01
   6.4048847e-01
  -1.1012227e+00
   1.1599144e+00
   3.9054026e-01
   1.9611856e-01
   9.2449272e-02
   8.9499017e-01
   1.1831605e+00
   6.6171910e-01
  -1.1711651e+00
   6.5474807e-02
  -2.2635094e-01
  -6.9584428e-01
  -3.6170720e-01
  -5.3784868e-01
   1.5953288e+00
  -3.0991414e-01
  -3.3404311e-01
   6.9268231e-01
  -1.0641559e+00
   1.3505415e+00
   5.0039481e-01
   2.0213775e+00
   3.8527286e-01
  -1.8543844e-01
  -3.3899140e-01
  -3.3652090e-01
  -3.8367579e-01
   1.2538625e-01
  -1.4430085e+00
   2.8912928e-01
  -7.4585401e-01
  -5.7810310e-01
   1.4162641e+00
  -1.2830761e-01
   5.5098061e-01
  -1.1397929e-01
  -1.3926530e+00
  -1.1189457e+00
  -1.5275234e-01
   8.0323422e-01
  -2.2260083e-01
  -1.2378154e+00
  -1.0386180e-01
   1.5001407e+00
   7.1534373e-01
  -4.7547380e-01
  -2.3864888e-02
  -1.8089755e-01
   3.1664789e+00
  -1.4830048e-01
   1.7555739e+00
  -1.3985117e+00
   4.9281289e-01
  -6.8042514e-01
  -5.3518807e-01
   1.4224197e-01
  -9.9889511e-01
  -6.5998731e-01
   8.2860765e-01
   3.9601943e-01
   3.9345611e-01
  -5.7651705e-01
  -1.3959830e-01
  -1.7028733e+00
  -9.6936330e-01
  -1.2331249e+00
  -1.0352434e+00
   2.2297903e+00
   7.6685252e-01
   2.0379530e-01
   4.4807358e-01
  -5.0303497e-01
  -1.0812544e+00
   2.6700720e-01
  -1.7752727e+00
  -7.5643111e-01
  -9.8843417e-01
   7.8920149e-01
   1.0611373e-01
   8.9621094e-01
   2.3610004e-01
  -8.3135521e-01
  -5.9314151e-01
   3.2701507e-02
  -1.9662790e-01
   1.8137860e+00
   7.2414177e-01
   4.3277548e-01
   1.3164898e+00
   4.4665510e-01
   4.7843855e-01
   1.1099424e+00
  -8.1190645e-01
  -5.1886005e-01
  -1.7998934e+00
  -5.3248172e-01
  -9.0997895e-01
  -3.0913383e-01
  -1.3912971e+00
  -5.9829637e-01
  -8.2463339e-01
   4.9858117e-03
   6.2622319e-01
  -4.6899340e-01
  -1.2093342e-01
   3.6119380e-01
  -4.6036563e-01
  -6.3962393e-01
  -5.2873226e-01
   1.0160022e-02
  -8.8723012e-01
   7.2310737e-01
  -1.4421058e+00
  -5.6363550e-01
  -2.8849308e-01
   1.9243057e-01
  -8.5845168e-02
   1.0205128e+00
   3.7489895e-01
  -2.0439206e-01
  -1.1907203e+00
   4.0666584e-01
   8.2195858e-02
   1.2458345e+00
  -1.0211756e+00
  -4.9633368e-02
  -7.6910607e-01
   6.1528663e-01
  -4.5481591e-01
  -1.2530753e+00
   1.0751048e+00
  -1.5158810e+00
   1.8298967e+00
  -7.3806430e-01
  -6.7292988e-01
   3.3931484e-01
  -6.6717633e-01
   2.3759772e-01
  -2.1890882e-01
  -5.5203509e-01
   7.8543793e-01
  -9.8059782e-01
  -9.4728791e-01
   9.5773682e-01
   2.8425852e-01
   9.7376138e-02
  -2.4787363e-01
   3.7164630e-01
   7.5970331e-01
   2.9056063e-01
   9.3145315e-01
   9.5188369e-01
  -6.0305295e-01
  -2.4674153e+00
   3.6819373e-01
  -1.7493570e+00
   4.7021336e-01
  -9.9323482e-01
   2.2072898e-02
  -9.2488489e-01
  -3.1917323e+00
  -2.7291272e+00
  -8.3552616e-01
   3.0205643e-02
   1.2527766e+00
   3.7384752e-01
   3.4189104e-01
   2.1708568e+00
   2.0873246e-01
   5.9535185e-01
   1.8860406e-01
  -6.7289750e-01
  -5.8017339e-01
   2.6635037e+00
  -1.5413106e-01
   1.2025930e-01
  -1.4585579e-01
  -1.2795776e+00
  -9.2148976e-01
  -1.7205806e+00
   1.9137434e-01
   4.6308492e-01
   5.2242267e-02
   4.4544377e-01
  -1.4114893e+00
  -5.7792379e-01
  -1.6079801e-01
  -5.3934142e-01
   1.6182552e-01
  -1.5489078e+00
   1.1432562e+00
  -1.8197222e+00
   5.0001594e-01
   1.1195663e+00
  -7.3112842e-01
   1.2657311e+00
  -5.5722570e-01
   1.8309994e+00
   8.2748882e-01
  -6.9232026e-01
   4.9142444e-01
  -2.6686306e+00
   6.0844308e-01
   4.5307792e-01
   3.3485347e-01
   3.2611678e-01
  -9.6721279e-01
  -1.9904375e+00
   2.5374035e-01
  -1.3150213e+00
   6.7280535e-01
  -1.9360889e-01
  -7.1621598e-01
   1.4218208e+00
  -2.6434236e-01
   1.4862068e+00
   7.6518946e-01
   5.7800453e-01
  -9.2971988e-01
   1.1948906e+00
  -4.9446249e-01
   1.1079551e+00
  -5.9313841e-01
   1.4309586e+00
  -7.1104003e-01
  -4.7339141e-01
   1.7387553e-01
  -7.6299009e-01
   7.9843437e-01
  -1.3251050e-01
   3.2737513e-01
  -4.3892687e-01
   2.5020801e-01
  -1.3262585e+00
  -4.0363654e-01
   3.5564200e-01
  -1.1118990e+00
   2.1479184e-01
  -2.0488302e-01
  -1.2242280e+00
  -7.9713425e-01
   1.4842672e+00
   1.2377418e+00
   1.4081739e-01
  -1.5201292e+00
  -1.7437907e-01
  -7.2978782e-01
   5.8712757e-01
   2.7307249e-01
  -4.2556126e-01
  -2.1193677e+00
  -4.1672861e-01
  -1.1318953e+00
   1.5224014e+00
  -4.9407771e-02
  -1.1917781e+00
   8.5320661e-01
  -4.4627910e-01
  -4.3752471e-01
  -9.5931175e-01
   1.2938529e+00
   6.3333508e-01
  -8.1230795e-01
   1.8850007e-01
  -1.8261564e+00
  -9.1436801e-01
   2.7190772e-01
   1.8829368e+00
   1.0087710e+00
   6.5730412e-01
   1.5134977e+00
  -7.1459413e-03
  -1.0631955e+00
  -1.5412428e+00
  -1.2459839e+00
   5.2192245e-01
   8.6058529e-01
   3.2851213e-01
   1.2773389e+00
   5.1518899e-01
   3.5412914e+00
   2.0016034e+00
   1.2985266e+00
   2.9239668e+00
  -1.8735693e+00
   2.6904843e-01
   8.1641127e-02
   1.7541838e-01
   1.4487476e+00
   8.0158135e-01
  -5.5967272e-01
  -1.9909309e+00
   1.7633457e+00
   3.1628211e-01
  -4.6931136e-01
   2.1808924e+00
   3.6498613e-01
   3.3753173e-01
  -3.6615934e-01
  -6.2274414e-02
  -8.6367629e-01
   6.2188865e-01
  -1.9810505e-01
   1.4697787e+00
   9.4559961e-01
  -1.0475514e-01
   1.1344351e-01
   6.5600823e-01
  -4.3407073e-01
  -1.9527257e-01
   7.4387934e-02
   2.7222857e-01
   1.6178729e+00
  -7.2825915e-01
   1.3984460e-01
  -1.1446708e+00
  -1.7114887e-01
   1.7730153e+00
  -6.7965435e-01
   1.1815488e+00
   2.4693310e-01
  -9.3151317e-01
  -1.5738706e+00
   5.4987174e-01
  -1.0807173e+00
   7.7122568e-01
  -1.8836606e-01
  -1.3218087e+00
   1.1230885e-01
  -5.2887076e-01
  -3.6994009e-01
   1.7559692e+00
  -1.8099457e-02
   1.8932577e+00
   2.0414812e+00
  -3.5239896e-01
   1.1635835e+00
  -2.3954438e-01
  -4.8582122e-01
  -2.7773412e-01
  -4.0430779e-01
  -5.4297600e-01
   1.3338589e-01
  -9.2003578e-01
  -1.9148225e+00
   1.9281881e+00
   1.4508954e+00
   1.4611334e+00
  -4.7692774e-01
   1.7374916e+00
   1.1005814e-01
  -2.9631235e-01
   1.5409961e+00
   2.2001456e+00
   2.1419628e-01
  -4.3001585e-01
  -5.2972789e-01
  -2.6539162e-01
  -1.4707012e+00
   5.7044192e-01
   1.4756980e+00
   8.6331282e-01
   1.6823048e+00
   1.3759831e-01
  -1.4592736e+00
  -3.7286622e-01
   9.4309688e-01
  -5.1307567e-01
   1.7507604e+00
   1.4323447e+00
  -1.2510157e+00
  -1.7690322e-01
  -5.5040128e-01
  -3.9347994e-01
  -3.2383988e-01
   1.8130075e+00
   2.8012264e+00
  -3.6741528e-01
  -7.1468964e-01
  -2.2482966e-01
   1.2831453e+00
  -1.1879655e+00
  -1.8105059e+00
  -1.3815035e-01
  -9.5390837e-01
  -5.1585552e-01
  -2.1711877e-01
   1.7319268e+00
   1.2590802e+00
  -5.0139823e-01
  -1.6247819e-01
  -1.5249255e+00
   1.3113022e+00
   4.3069437e-02
  -7.4137055e-01
   2.0414670e+00
   1.2777597e+00
  -1.3551891e-01
  -9.5591557e-01
   1.5205943e+00
  -1.2255059e-01
   4.0321676e-02
  -3.4944191e-01
  -6.3592069e-02
   7.1236742e-01
   6.2721232e-01
   1.4703057e+00
   1.1454405e+00
   1.2302816e+00
   9.9502784e-01
  -1.1022797e+00
   1.1977720e+00
  -4.5866377e-01
  -3.8555147e-01
  -2.4404500e-01
  -7.7914757e-01
  -1.8643937e-01
  -6.1557867e-01
  -1.6792519e-01
   3.1532951e-01
   1.1343770e+00
  -9.8038526e-01
  -2.1985222e+00
  -6.2578196e-01
  -1.3226869e-01
  -1.2161109e+00
  -2.6494934e-01
  -4.5823808e-01
   1.1393175e-01
   5.2427374e-01
   1.4992398e+00
  -2.3135510e-01
   4.7020982e-01
   5.5409944e-01
   1.0494152e-01
   2.5517179e+00
   1.1699181e+00
   1.2725206e+00
   9.5044415e-01
  -6.1717621e-01
   2.4013890e-02
  -3.0552250e-01
   5.9500182e-01
  -1.4421320e+00
  -1.7332111e-01
   8.6278417e-01
  -4.9203026e-01
  -2.1051101e+00
   1.7504162e+00
  -1.4759523e+00
   2.0664969e-01
   8.4002811e-01
  -1.4597954e+00
  -1.6295001e+00
  -1.2091797e+00
  -1.4304624e+00
  -2.4140059e-01
  -9.8967202e-02
  -1.2220092e-01
   2.3020648e-02
  -7.1026779e-02
   4.4499016e-01
  -1.4725137e-02
  -1.3214977e+00
   9.8847562e-01
  -3.1005751e-01
  -9.2875678e-01
   6.4372546e-02
   1.0619276e+00
  -1.7076830e-01
   2.2006448e+00
   1.3280984e-01
  -4.4062491e-01
   1.4213588e+00
  -1.3048816e+00
   3.7498935e-01
  -2.8571535e-01
  -1.1753291e+00
   1.0625419e+00
   2.0212264e+00
   3.2848007e-01
  -2.9327718e-01
   1.2302253e+00
   3.7207266e-01
  -2.8600611e-01
   1.7601518e+00
  -1.2651564e+00
  -4.8401848e-01
   5.0299281e-01
  -1.3654734e-01
   4.8091193e-01
   3.5179781e-01
  -2.3035941e-01
   1.6644864e-02
   1.8438515e+00
   4.6156448e-01
  -5.9469416e-02
   5.4601696e-01
   2.9210985e-01
   3.9850118e-01
  -8.4572260e-01
  -8.1986155e-01
  -1.3402836e+00
   6.1587999e-01
   1.1428867e+00
   7.2620789e-01
  -1.2094648e-01
  -7.1918685e-01
  -1.0320070e+00
  -6.5099665e-01
   2.5224174e-01
  -3.3926894e-02
  -2.3273818e+00
  -1.0285695e+00
   6.6741207e-01
  -5.4651532e-01
  -1.3482294e+00
  -6.2299269e-01
  -1.7735228e+00
   9.3502509e-01
  -2.1080476e+00
   1.3363769e+00
  -7.8848721e-01
   3.5992128e-01
  -8.9673254e-01
   6.4832094e-01
   2.3372592e-01
   4.2862013e-01
   5.0506590e-01
   2.0451445e-01
  -1.0678091e+00
  -2.2883375e-01
   5.0419308e-01
   2.9897350e-01
  -2.6280888e-01
   6.6744982e-01
   2.8267437e-01
   6.1556564e-01
   9.0112057e-01
   2.4522374e-01
   6.9257420e-01
  -8.6153692e-01
  -1.0702729e+00
  -6.9560654e-01
  -6.7856101e-01
   2.3030880e-01
   1.5010194e-01
  -2.8519902e-01
   3.5147669e-01
   1.2195937e+00
  -8.7522085e-01
   2.0691883e+00
   9.9128566e-01
  -1.1520550e+00
   6.5774284e-02
   1.7245582e-01
  -1.7755784e+00
   4.2215371e-01
  -4.7438147e-01
  -8.8416789e-01
  -1.6581425e+00
   2.5313943e-01
   7.4369293e-01
  -7.4864395e-01
   2.7374186e-01
   3.9139450e-01
  -9.9216055e-01
   5.7911789e-01
   5.4302749e-01
   2.8514044e-01
  -7.2029896e-01
   6.9007393e-02
   6.2356875e-01
  -1.4522451e+00
   9.3237887e-01
   9.3587400e-01
  -5.1695021e-01
  -6.2318218e-01
   6.6946571e-01
   6.2314246e-01
   2.3110312e-01
  -9.8083590e-01
  -9.8035123e-01
   1.0523144e+00
  -2.4988660e-01
   1.1576024e+00
   5.0330977e-01
  -6.3531103e-01
   5.3520087e-03
  -4.9818962e-01
   1.1310329e+00
  -4.6702252e-01
  -1.1285376e-01
  -1.3756747e+00
   1.4226940e+00
   1.3964607e+00
   2.6350692e-01
   1.2172157e-01
  -1.5462741e+00
  -3.4272210e-01
   1.9122004e-01
  -1.3525368e+00
   6.7497899e-01
  -6.4137728e-01
  -1.5895469e-01
   1.6910911e+00
   1.0305875e+00
  -7.5462793e-01
   9.8487362e-01
  -3.4737754e-01
   1.2881392e+00
  -1.6410125e+00
  -2.5863669e-01
   9.3996050e-01
   9.9355236e-01
   1.6987323e-01
   1.9539803e+00
   1.1502358e+00
   1.1201411e+00
  -5.8017994e-01
  -3.4084535e-01
  -1.7869297e+00
   2.4153388e-01
  -8.9798357e-02
  -2.8703992e-02
   1.8585040e-02
   1.2049153e+00
  -6.9245308e-01
  -5.8381557e-01
   6.8022919e-01
   1.0271629e-01
  -2.0066740e-01
   1.8843777e-01
  -1.8106321e+00
   1.8155206e+00
  -9.6291059e-01
  -7.7531696e-01
  -4.6457437e-01
   5.7129647e-01
  -8.9889369e-01
  -1.8895921e-01
  -4.9967593e-02
  -1.6128700e+00
   1.8043034e-01
   3.7745613e-01
   1.6341402e-01
  -4.9694643e-01
   4.3470341e-01
   1.7554621e+00
  -1.3849333e+00
  -2.7156125e-01
   7.8818555e-01
  -3.1698729e-01
  -1.0568342e+00
  -9.2827859e-01
   4.0925959e-01
  -2.1662758e-02
  -6.2504139e-01
  -8.1382598e-01
   6.9060566e-01
  -1.6055788e+00
   5.9150039e-01
  -6.8547836e-02
   9.7295785e-02
  -7.8889969e-01
  -6.7705258e-01
  -5.0177512e-01
   1.4023953e+00
  -4.3326004e-01
  -1.8950022e-02
   1.2720234e+00
  -4.5028830e-01
   1.8277332e-01
   7.1170818e-01
  -6.6006836e-01
  -7.6895199e-01
  -1.3949465e+00
   1.0330986e-01
  -7.1904772e-01
  -7.7013192e-01
   5.5403448e-02
  -4.5350393e-02
  -9.4531119e-02
   1.4163327e+00
  -3.2385081e-01
  -3.4527968e-02
   1.5420649e-02
  -1.1352542e+00
   5.8832416e-01
  -2.4998587e-01
   5.0295622e-01
   6.0534747e-01
  -8.0823176e-01
  -8.8253697e-01
   1.2300002e+00
  -6.6160465e-01
   1.4691541e+00
  -5.6248408e-01
   9.3308798e-01
  -2.4444592e-01
  -6.7347626e-01
   8.4248486e-01
   2.5387999e+00
   7.5645762e-01
   1.2749071e+00
  -1.3074788e+00
   6.2796325e-01
   1.0945466e+00
  -8.5689252e-01
  -6.5087517e-01
   1.8947484e+00
  -2.1121215e-01
  -4.8188718e-01
  -4.9804899e-01
   8.6320153e-01
   6.3289079e-01
  -1.1349941e-01
   1.7991809e+00
   1.6390090e+00
   6.0988824e-01
  -3.7336338e-01
  -1.4117418e-01
   1.5326430e+00
   8.5546312e-01
  -1.7954560e+00
   1.4234398e+00
   7.8939497e-01
   1.4186304e-01
  -8.7680098e-02
  -3.8669559e-01
   1.4327870e+00
  -6.7348142e-02
   3.6700710e-01
  -3.9530443e-01
   6.2774948e-01
   7.0701710e-01
   1.1440791e+00
   1.3430387e+00
  -4.6690541e-01
   1.2660354e-01
   1.2930904e+00
  -1.3946540e+00
   1.2379644e+00
   7.7953783e-01
  -1.0780537e+00
  -3.0227678e-01
   7.6581560e-02
   2.2368304e+00
   7.1136020e-01
   3.0260819e-01
   1.2892839e+00
   9.2436485e-01
  -2.1974684e-01
   4.0445413e-01
  -1.6578854e-01
  -4.1231329e-01
   2.3067643e+00
  -4.5866814e-01
  -1.0087827e+00
   9.3787166e-01
   1.8411814e-01
  -6.9517067e-01
  -3.0359868e-01
   1.8536775e+00
   1.7169089e+00
   8.7096329e-01
  -9.0785559e-01
   1.2344445e-01
  -9.8808120e-01
   8.2429270e-01
   6.3709584e-01
  -8.7741715e-02
  -5.3519626e-01
   1.1365998e+00
  -9.4272483e-01
  -1.1798671e+00
   1.6284972e+00
   7.3500065e-02
  -2.5650155e+00
   1.5420989e+00
  -1.2006948e+00
  -3.6541716e-01
   4.4351173e-01
   2.9843305e-01
   1.8108925e-01
  -4.7077268e-01
  -6.5903389e-01
   3.2247575e-01
  -2.6870079e-01
   4.4677707e-01
  -1.4263613e-01
  -6.9651125e-02
  -1.2211071e+00
   3.6142163e-01
  -3.9008457e-01
   1.6289892e+00
   8.4032550e-01
  -2.9944876e-01
  -1.0577253e+00
   1.3390253e+00
  -1.1277239e+00
   2.9811485e-01
   3.8566837e-01
  -2.4655285e-01
  -6.7717473e-01
   1.3708944e+00
  -7.2714949e-01
  -2.2950965e-01
   5.1177232e-01
   1.1252129e+00
   1.1139914e+00
  -1.1107877e+00
   1.8058664e-01
  -2.1753374e-01
  -1.8221072e-01
  -1.8955425e-01
  -1.9832339e+00
  -6.1966204e-01
   2.8566501e-02
   1.0860158e+00
  -6.0376378e-01
   1.9257317e+00
   1.7857228e-01
   1.5098981e-01
   1.9156960e+00
   2.3260770e+00
   1.9267423e+00
  -3.5719823e-01
  -3.7833817e-01
  -1.4931674e+00
   5.3202250e-01
  -5.3450330e-01
   8.4416495e-01
  -7.1503389e-01
   5.6828842e-01
   5.5307299e-02
   1.0242156e+00
  -8.6100936e-01
   2.6081918e-01
  -7.5060178e-01
   3.8548939e-01
  -6.3353009e-02
  -3.1585971e-01
   1.3275651e+00
   5.4276855e-01
  -7.8160089e-01
  -8.6848794e-01
  -2.5901598e+00
  -4.0704782e-02
   3.3584413e-02
   1.1276911e+00
  -8.5638437e-01
  -6.3704403e-01
  -1.0475451e-01
   4.8862751e-01
   1.0358702e+00
   2.8968027e-01
   1.3606933e+00
  -9.5029627e-02
  -7.1089391e-01
  -2.4444298e-01
  -9.4329939e-01
   1.3356435e-01
  -3.6125720e-01
   1.0328932e-01
   5.4738231e-01
   4.2553631e-01
  -3.7908108e-02
   1.1598640e-01
  -5.9377126e-01
   6.2304961e-01
   1.3467845e+00
  -8.1099055e-01
  -9.1813453e-01
   7.7638748e-04
  -1.2264067e+00
   1.1232142e+00
  -4.1775072e-01
   6.9213395e-01
   1.1598839e+00
   7.4705835e-01
   6.9970504e-02
   8.4426870e-02
  -3.4914348e-01
   1.0210646e+00
  -4.5697700e-01
  -2.4796145e+00
  -8.2802174e-01
   2.6969228e-01
   1.0116759e+00
   9.9699839e-01
  -6.2029809e-01
  -2.5764049e-02
  -2.2349952e-01
  -3.3660709e-01
  -9.2640872e-01
  -2.7007474e-01
  -7.9083822e-01
  -1.3732647e+00
   1.4030996e+00
  -1.1934777e+00
   3.5152531e-01
   2.3133434e-01
  -3.6954562e-01
   3.7331179e-01
   1.6200592e+00
  -8.1415379e-01
  -1.4478107e+00
  -1.8594720e+00
  -2.7187485e-01
   7.0286985e-01
   6.9352822e-01
   5.7694854e-01
   6.4483239e-01
  -6.6863054e-01
   2.8965290e-01
  -6.8301526e-01
  -7.4993545e-01
  -9.5699679e-01
  -6.1849742e-01
  -5.0875684e-02
   7.7607166e-01
  -6.7576641e-01
  -1.4975703e+00
   9.8685899e-01
  -1.9210983e+00
   4.7713150e-01
   1.2417915e+00
   1.3712700e+00
   1.7472832e+00
   1.4570812e+00
  -2.9124092e-02
  -4.4686745e-01
   2.7459993e-01
  -4.1340381e-01
   9.6728723e-02
   1.9361830e+00
  -4.6201522e-01
   7.7120269e-01
  -5.4374658e-01
   1.7034537e-01
  -5.6253348e-01
  -1.7864587e+00
  -1.1037034e+00
  -7.3781330e-01
   1.3245386e+00
  -1.6473037e+00
   1.2459853e+00
  -5.5394264e-01
   1.5562670e+00
  -4.3692266e-01
   1.3340717e+00
  -3.6793631e-01
  -1.4113483e+00
  -5.4948888e-01
   1.4402537e-01
   1.1545195e+00
   4.5928314e-02
   2.4407067e-01
   1.0433840e+00
   1.2055179e+00
   1.5415461e+00
   6.6060677e-03
  -6.6555497e-01
  -7.2805349e-01
   4.8522041e-01
   9.1038698e-01
  -1.5255964e+00
   1.2979040e+00
   1.4375653e+00
  -2.5506336e-01
   6.4171513e-01
   1.4663347e-01
   5.4724749e-01
   2.7937969e-01
   4.4781191e-01
   3.2943090e-01
  -8.2335831e-01
   4.4975564e-02
  -9.8128240e-01
   6.2827180e-01
  -6.8962360e-01
   1.4819126e+00
  -5.1599495e-01
  -6.7722025e-01
  -2.6114297e+00
  -7.3694644e-01
   3.1021498e-01
  -8.8223403e-01
  -1.1925517e+00
  -1.9757434e+00
  -5.1569150e-01
   8.5062722e-01
  -1.2522816e+00
   1.0867737e-01
  -3.7002252e-01
   2.1197945e-01
   5.9458488e-01
   5.2716510e-01
  -2.9734639e-01
   1.0188001e+00
  -1.4861859e+00
  -4.6249854e-01
   9.0822874e-01
  -1.5028976e+00
  -1.4102077e+00
   1.8255169e+00
  -8.8148676e-01
  -2.7004118e-01
  -2.0166678e+00
  -1.5379476e-01
   1.1855973e+00
  -1.9851783e+00
  -6.6487776e-02
   3.0006010e-01
  -2.1063124e+00
   3.6488924e-02
  -2.1666903e-01
   7.8838505e-02
  -8.2289214e-01
  -2.8872212e-01
  -6.3966470e-01
   1.1609977e+00
   1.9515597e+00
   1.5075466e+00
   3.6208254e-01
   1.3985974e+00
  -4.7534096e-01
   2.1571707e-01
  -3.6165255e-01
   1.2329483e+00
  -2.0884016e+00
   1.6310904e-01
   1.0057137e+00
   2.7244836e-01
   1.1197311e+00
   1.1173845e+00
  -4.2238703e-01
   1.1223741e+00
   1.1816261e+00
  -5.2185188e-01
  -1.0830448e+00
   1.8248712e+00
   6.4287429e-01
  -2.3758916e+00
   8.2110979e-01
   1.3599822e-01
   9.0467092e-01
   1.4450299e+00
  -2.5516862e+00
  -1.0333327e+00
  -1.1194780e+00
   3.0985435e-01
   4.6381868e-01
   1.2601275e+00
   2.1588390e+00
  -1.4980162e+00
   6.6151054e-01
   3.8982960e-02
  -7.6616832e-01
  -7.8399529e-01
   3.8027461e-01
   9.0248782e-01
  -1.1292118e+00
   1.7872856e-01
   7.4974554e-01
   7.9759274e-01
   7.8889955e-01
  -1.7786025e+00
  -2.3551002e+00
  -1.2412713e-01
   6.6828928e-01
  -6.2009142e-01
   7.1256233e-01
  -3.0691107e-01
  -6.7138783e-01
   2.0605843e+00
   2.0356427e+00
  -1.1732451e+00
  -1.5527988e-01
  -7.7911135e-01
  -6.1640999e-01
   3.2594613e-01
   8.0005556e-01
   1.2904530e+00
   1.8611970e+00
   2.5794783e-01
  -9.8607703e-01
   5.2639564e-01
  -4.3608738e-01
   8.4283372e-02
   7.3957124e-01
  -1.2626955e-01
   1.4582211e+00
  -1.1787483e+00
   1.4588397e+00
   1.4747547e+00
  -7.0242792e-01
  -5.3703316e-01
   5.1818743e-02
  -6.6200095e-02
   1.1863356e+00
  -1.9857070e-01
   3.6155046e-01
   4.7381572e-02
  -1.5153640e+00
   9.0643692e-01
  -8.5453511e-01
  -6.0570668e-01
   5.9616767e-01
   1.2030434e+00
   3.4487223e-01
   7.8632032e-01
  -7.3452209e-01
  -3.3849300e-01
   6.4019143e-01
  -8.5522031e-01
   2.9179751e-01
  -5.2561007e-01
  -1.4223043e-01
  -1.4507267e+00
   4.2737251e-03
   1.4587593e-01
  -1.2768960e+00
  -3.1157583e-01
   1.0299433e+00
  -1.0884079e+00
  -1.0137395e+00
   1.2768094e-01
   1.6801119e-01
   1.1098368e-01
   1.2625546e+00
  -1.0843387e-01
   2.1326799e+00
   3.6455778e-02
  -7.1957657e-01
  -5.4635536e-01
  -1.8095708e+00
  -1.3155294e+00
   2.3241197e+00
  -1.8248609e+00
  -9.5767232e-01
   2.6112251e-02
   3.7188980e-01
  -1.0665096e+00
   6.4884151e-01
   4.1483694e-01
  -2.8218056e-01
   1.0387339e+00
  -7.9878983e-01
  -3.6578154e-02
   1.0683107e-01
   1.7544963e+00
  -1.0471806e+00
   1.1448095e+00
  -9.9835174e-01
   2.6284506e-01
  -9.0301457e-01
   1.7263119e-01
  -1.1498519e+00
   6.2518846e-01
   5.6637410e-01
  -2.0237961e-02
  -1.6423155e+00
  -1.7574875e+00
   8.9720384e-01
   9.7388372e-02
   7.9249420e-01
   6.1269673e-01
  -2.2710302e-01
   1.2623924e+00
  -7.1728370e-01
   4.5523651e-01
   4.8579015e-02
   5.1433415e-01
   1.0592177e+00
  -8.7978518e-01
  -5.2154374e-01
  -1.3836261e-01
   1.0666901e-01
  -7.3802115e-01
  -1.8375649e-01
   7.1589226e-01
   3.9097305e-01
   1.4553401e+00
   7.4415976e-02
   5.8047610e-01
   1.7562364e+00
   9.2706127e-01
   3.4659583e-02
  -5.1857972e-01
  -1.2567543e+00
  -4.9516759e-01
  -1.4443825e+00
   7.5464280e-01
  -1.4859421e+00
  -1.1763300e+00
   8.8969696e-01
   2.6542671e-01
   3.0615074e-01
  -1.0844939e-01
  -8.0820438e-02
  -8.8783896e-01
  -4.4248830e-02
   2.3650233e-02
  -2.5638510e-02
   4.0168277e-02
   1.4331302e-01
   1.1983975e-01
   3.9587679e-01
  -6.0085319e-01
  -3.3344968e-01
   8.5701583e-01
  -7.4507241e-01
   1.7589121e+00
  -5.4368517e-01
  -6.9459871e-01
  -1.5483301e+00
  -2.7177783e+00
   3.0816344e-01
  -3.7570746e-02
  -4.0119956e-01
   6.9503763e-01
  -7.7967078e-01
  -1.8788214e-02
  -3.9753451e-01
  -1.2537958e-01
  -1.0632058e+00
   1.5002096e+00
  -4.2832839e-01
  -1.3676723e+00
   8.4753948e-01
   2.4770448e-01
   1.1261811e+00
   5.3570999e-01
   1.3881790e+00
  -1.4509611e+00
   4.9133379e-01
   2.1186404e+00
  -9.5282634e-01
  -7.6848792e-02
   8.1462467e-01
   4.8472218e-01
  -8.4240973e-01
   1.9331096e+00
  -7.0907964e-01
  -1.2187011e-02
  -4.3864980e-01
  -9.3810439e-01
   2.5262998e+00
  -4.7585697e-01
  -3.9111563e-01
  -1.6318931e+00
   3.2002435e-01
  -3.9649493e-02
   2.1888789e-01
   1.6303864e+00
   2.1934413e-01
  -2.1756777e-01
  -9.3753036e-01
  -4.9070944e-01
   1.0352932e+00
   7.7296573e-01
  -7.6778441e-01
   3.8716896e-01
  -1.2877048e-01
   1.3921191e+00
  -5.0442825e-01
  -8.0366463e-01
  -7.9389265e-01
   3.6810227e-01
  -2.8740298e-01
   4.8296676e-01
  -1.6934504e+00
  -1.3099883e+00
  -1.1437745e+00
   5.4066404e-01
   5.9752309e-05
   8.1235318e-02
  -1.2650442e+00
  -5.8671027e-01
  -8.5243693e-01
   5.6689631e-01
   7.5806557e-01
   3.3480413e-02
  -1.2885869e-01
  -1.0500476e+00
  -7.4714130e-01
  -5.9745842e-01
   1.3398790e+00
   7.7361018e-01
   1.4198703e-01
   5.5933669e-01
  -2.7004055e+00
   1.2670454e+00
  -3.8036547e-01
  -5.6036300e-01
   1.2336738e+00
  -4.0799677e-01
  -1.0735122e+00
  -6.3180520e-01
   8.8889853e-01
  -1.3921073e+00
  -2.7609046e-01
   1.0090346e+00
   9.9504378e-01
   3.5349019e-01
  -5.1450638e-02
  -5.9287206e-01
   6.1165619e-01
  -7.6385363e-01
  -6.9437679e-01
  -5.9487045e-02
   5.3113969e-01
  -2.1181633e+00
  -1.0376767e-01
  -5.7676764e-01
  -2.5797821e-01
  -1.0446571e-01
   2.3855632e+00
  -2.8315572e-01
  -8.8094419e-02
   5.8297734e-01
   2.7896981e-01
   2.0426326e-01
   2.2655803e+00
  -3.5027396e-01
  -2.3870806e+00
   8.0393418e-01
   1.0115520e-01
  -1.0125517e+00
   2.7043680e+00
   3.2389640e-02
   3.6697692e-01
  -1.6520936e+00
   1.8378391e+00
   1.3945783e+00
  -9.3449929e-01
  -2.5418677e-01
  -2.3759370e-01
  -2.6052946e+00
  -9.5982733e-01
  -5.5856805e-01
  -2.2187700e+00
  -1.6634815e+00
   8.7865246e-02
   7.9946962e-01
   5.5424354e-01
   1.4427821e-01
  -9.9119541e-01
   4.2987157e-01
   4.6156468e-01
  -8.6227291e-01
   3.9967793e-01
  -1.1646802e-01
  -1.1656454e+00
  -8.6791861e-02
   3.6080562e-01
   1.5870185e+00
  -3.4692473e-01
  -2.4906917e-01
  -9.3566627e-01
   1.1134201e+00
   1.4886841e+00
   1.1112557e-01
  -1.2168446e+00
  -6.0664920e-01
   1.7212650e+00
  -9.7224901e-01
  -1.6157109e-02
   9.5327372e-01
  -1.7680570e+00
   4.1781055e-03
   1.3851441e-01
  -7.9442156e-02
  -1.0209119e-01
  -7.2950078e-01
  -1.7263878e+00
  -1.6433167e+00
   2.1130172e-01
  -4.8267486e-01
  -1.0557166e+00
  -1.7850864e+00
  -2.0363311e+00
  -1.1455447e+00
  -9.2167671e-01
   6.6016660e-01
  -1.1526847e+00
   1.3453809e+00
  -9.8018093e-01
  -1.3566885e+00
  -4.4522031e-01
   1.2340714e+00
   8.9098853e-01
   8.4872158e-01
  -1.7918475e-01
  -2.4764457e-01
   1.6347023e+00
  -1.7204677e-02
  -1.4114699e+00
   3.1189364e-01
  -9.1783529e-01
   7.1104593e-01
  -1.2731822e+00
   2.1851386e-01
  -1.5354850e+00
   5.2556394e-02
   8.5542462e-01
  -4.8373865e-01
  -1.7949599e+00
  -1.9805386e-01
  -1.4449052e+00
   4.3334285e-01
   1.7492194e+00
  -1.9936206e-01
  -9.0114841e-01
   2.8186616e-01
   1.4485934e+00
   9.9134572e-02
  -1.7719871e+00
  -1.1718205e+00
  -9.4263981e-01
   7.1877573e-01
   1.8189935e+00
  -1.2786888e+00
  -1.0284013e+00
   1.0405807e+00
   7.4676760e-01
   4.8670865e-01
   1.0649307e+00
  -4.4342186e-01
   9.8576442e-02
  -4.1274786e-01
  -1.2753678e+00
   1.2915605e-01
   3.2646252e-01
   4.3715178e-01
   1.2758258e-01
   1.1176111e+00
   7.2340568e-02
  -1.3894553e+00
  -7.3513034e-01
  -3.4322986e-01
  -3.0000120e-01
   6.0702086e-01
  -1.1318471e+00
   2.2063194e+00
  -1.8297349e+00
  -1.9975073e-02
   2.6143685e-01
  -7.8270362e-01
  -9.2977631e-01
  -2.3310855e-01
  -3.1970524e-01
   6.0004346e-01
  -2.1624882e-01
  -2.9951179e-01
  -8.6100348e-01
  -5.4982182e-01
  -1.9734134e-01
   1.1498445e+00
   1.0040513e+00
   1.6478747e-02
   2.3321564e+00
  -8.7936520e-01
  -1.3397197e+00
  -1.4029304e+00
  -4.3327792e-01
   1.9217472e-01
   7.0434888e-01
   1.8774006e-01
  -1.9162165e-01
  -3.4878291e-01
   8.4760264e-01
   3.0387575e-01
   4.9698060e-01
   1.4669046e-01
  -2.0463740e-01
  -5.6837064e-01
  -1.2374574e+00
   7.2037721e-02
   6.7073644e-01
   4.6454329e-01
   5.4683952e-01
   5.6287615e-01
  -7.1472000e-01
   8.3175747e-01
   1.9591019e+00
  -1.8224878e+00
   1.4171374e+00
   4.2442611e-01
  -7.9990705e-01
  -7.7183059e-01
  -8.3369291e-01
   1.6320873e+00
   1.0652867e+00
  -4.4562351e-01
  -3.6655755e-02
   4.8103400e-01
  -6.7055292e-01
  -5.2568485e-01
  -3.7618480e-01
   2.1217928e+00
  -2.8929121e-01
   7.6683132e-01
  -1.4511911e+00
   1.0734325e+00
  -1.9750156e+00
  -7.4542095e-01
   7.7971132e-01
  -5.8727290e-01
   1.0374135e+00
  -1.8390220e+00
  -9.6957417e-02
  -4.9590450e-01
   5.1959642e-01
   8.5156785e-01
   1.9817831e+00
  -8.5256450e-01
  -2.9269029e-01
   2.9355604e-01
   1.2544225e+00
  -3.0810702e-02
   1.8180904e+00
   5.9414368e-01
  -2.7209329e-01
   5.6085984e-01
  -6.4351568e-01
   8.0292407e-01
   6.4026891e-01
  -1.7080917e+00
  -2.1302671e-01
   2.5670713e-01
  -1.8137923e+00
  -3.9436567e-01
   4.0361989e-01
  -2.2182804e-01
   2.3384480e-01
   1.7314911e+00
  -7.6221779e-01
   1.5611462e+00
   7.1789853e-01
  -1.6982008e+00
   2.2101148e-03
   2.1343628e-01
   9.0972278e-01
  -1.9479727e-01
   2.3926667e-01
   5.1440518e-01
   1.3425674e-01
  -2.1654935e-01
  -3.7110223e-01
  -1.6989425e+00
  -1.9836400e+00
  -9.2946694e-02
   2.6864162e-01
   2.6576864e+00
  -1.9335683e-01
  -1.5706244e+00
  -1.4331068e+00
  -8.4815760e-02
   1.4350551e+00
   8.2581540e-01
  -2.7607905e-01
   8.5398807e-01
   6.0206186e-01
   1.1172494e+00
   7.8373418e-01
   7.5828580e-01
  -6.2935688e-01
   8.9444561e-02
  -8.3168855e-01
  -1.0696397e+00
  -1.9003080e+00
   6.0499972e-01
   1.6589353e+00
   8.6906597e-01
   2.6409160e-01
   1.1338927e-01
   1.0340366e+00
   1.0401268e+00
   7.4635236e-01
   4.5588422e-01
   8.8342334e-01
  -3.7826038e-01
  -1.2380980e-01
   1.9687892e-01
   8.2099504e-01
  -7.9893860e-01
   1.1903375e+00
   3.2913679e-01
  -3.2276461e-03
   1.6785496e-01
  -4.0278323e-01
  -1.8097940e-01
  -1.4651239e+00
  -5.0327792e-01
  -6.1107011e-01
  -6.8306712e-03
  -1.2734683e+00
   1.7085669e-01
  -4.1959963e-01
  -4.6815493e-01
   5.9387748e-01
  -9.7760460e-01
   4.1622580e-01
   4.1177973e-01
  -7.1356195e-01
  -3.3000693e-01
   9.9945776e-02
  -1.1161165e-02
  -9.6108224e-01
   1.1326904e-01
  -4.0666521e-01
   3.4089956e-01
   1.9148839e+00
   6.7356062e-02
  -1.5247741e-01
   5.7756135e-01
   1.6976717e-01
  -1.6625703e+00
  -4.4693129e-01
  -5.1215421e-02
   4.2044324e-01
  -2.5504738e+00
   1.8553947e+00
  -1.4945825e-01
   4.6823380e-01
   6.1066905e-01
   1.8860955e+00
  -1.8377446e+00
   6.3167322e-01
   1.8549695e-01
   1.0224680e+00
  -2.4710781e+00
   1.4006233e+00
  -1.1196902e+00
   1.5633161e+00
  -1.8215985e+00
   6.2561087e-01
  -1.8351312e+00
   1.5069686e+00
   1.8580409e+00
  -2.9513797e-02
  -1.1450123e+00
   3.2369885e-01
  -1.7699728e+00
  -1.6907979e-01
   1.4254659e+00
  -8.2614577e-01
   1.4168028e+00
   2.8454524e-01
   1.0116789e-01
   1.2416243e+00
   6.9927092e-01
  -3.6949695e-01
  -6.8458076e-01
  -1.6855590e-01
   9.0141843e-01
  -7.1766955e-01
  -1.8509999e+00
  -2.0191887e+00
  -4.6429816e-01
  -4.7537871e-01
   2.9267703e-01
  -8.7012616e-02
  -1.3359298e-01
   1.0027911e+00
   1.0174250e-02
   3.0938248e-01
  -1.2888894e+00
  -3.2716696e-02
  -2.1538252e+00
   1.4313538e+00
   3.2941806e-02
  -2.3537368e-02
  -1.1711597e+00
   1.3125596e-01
  -9.2486458e-01
   2.8379022e-01
   5.9801822e-01
  -6.7525683e-01
  -1.5349620e+00
  -6.0275724e-01
  -2.1972786e+00
  -3.8107521e-02
  -1.2013664e+00
   9.0694618e-01
  -1.2387082e+00
   9.5412000e-01
  -6.7142982e-01
   1.1919710e-02
  -1.3668215e+00
   6.9413703e-01
  -1.7861459e+00
   9.1041748e-01
   3.3574468e-01
   5.5830011e-02
  -1.1328297e+00
   2.0188345e-01
  -7.7211406e-01
  -1.0292935e+00
   4.8835844e-01
   1.6074681e+00
   2.2997939e-02
   2.8463567e-01
   6.0393551e-01
   9.3541660e-02
  -3.6864323e-01
   7.9377551e-01
   1.2501640e-01
  -1.3055104e+00
   4.2050979e-01
  -1.1170785e-01
  -8.5959035e-02
   1.0126207e-01
  -7.9580323e-01
  -9.2401411e-01
   2.1547173e+00
   8.0854977e-01
   3.6738957e-01
   7.8798814e-01
  -5.6519278e-01
   1.4818303e+00
  -6.4568586e-01
  -1.0581980e+00
   6.8658472e-01
  -3.9488937e-01
   3.9496260e-01
   1.0390567e+00
  -7.2047931e-01
   7.5558555e-01
   1.1304859e+00
   1.9957838e-01
   5.4767397e-01
   1.8709254e+00
   2.6321553e-01
   1.8246000e+00
   1.1184258e+00
   1.1769396e+00
   1.7933998e-01
   5.8490678e-01
   1.5209258e+00
  -1.0692542e+00
  -1.6011370e+00
  -1.8818316e+00
   1.0085692e-01
   2.7872857e-01
   1.5553267e+00
  -1.7142905e+00
  -8.1285962e-02
   3.1849877e-01
  -1.7290246e+00
   2.0139763e-01
   5.4909264e-01
  -1.2920096e+00
   9.3463057e-01
  -8.8406598e-02
   9.2139004e-01
  -1.3934381e+00
  -7.9402676e-01
  -2.0248006e+00
  -1.0223357e+00
  -5.0907988e-01
  -5.8830697e-01
   1.1644437e+00
  -3.6480455e-01
  -7.6210376e-01
   1.5050998e-01
  -3.6529058e-01
  -1.3947534e+00
  -1.2523566e+00
   8.7163338e-01
   1.2000505e+00
  -1.0472008e+00
  -1.0980343e-01
  -1.3322053e+00
  -6.7412701e-01
  -1.9406601e-02
  -1.1465219e+00
   1.4188126e+00
   7.6809138e-02
   2.5062147e-01
  -4.5627358e-02
  -5.6248586e-02
   3.9342466e-01
   1.4517752e+00
  -3.2843616e-01
   7.7355931e-02
   1.1060301e-01
   9.9199438e-01
  -6.3434144e-01
  -9.3779661e-01
  -2.7300457e-02
   5.6459541e-01
   8.0072770e-01
   5.4990331e-01
   1.3577665e+00
  -1.0841877e+00
   1.8234434e-01
  -5.1999921e-01
  -1.1520999e+00
  -5.3816086e-02
  -1.0666998e+00
   1.9970896e+00
  -7.1347253e-01
  -1.3755997e+00
   3.0330633e-01
  -1.1982290e+00
   7.3132899e-01
  -5.0794211e-01
   1.1713566e+00
   9.3068648e-01
   4.2393642e-01
   6.3114680e-01
   1.7010271e-01
   5.4482686e-01
  -1.6621017e-01
  -4.3332951e-01
   2.2047106e+00
   1.2187115e+00
  -1.3013425e-02
  -5.7751765e-01
  -7.1721044e-01
   6.6998879e-02
   9.3783824e-01
  -1.0435384e+00
   1.1451934e+00
  -1.7329589e-01
   9.7677577e-01
  -8.9579461e-01
  -1.2105864e+00
   2.3601621e-01
   4.2921831e-01
  -3.5634534e-01
   1.4008149e+00
  -1.2048067e+00
  -9.7305865e-01
   2.0346075e+00
   2.4282746e-01
   3.9605544e-01
  -2.2710894e+00
  -2.8089256e-02
   5.0045370e-01
  -3.3161087e-01
   2.5106495e-01
  -1.3186197e+00
   2.2487791e-02
  -7.2873171e-01
   1.8656952e-01
   2.3654416e+00
   1.5623643e-01
   2.2143185e-02
   1.6359015e-01
   1.9023427e+00
  -4.6844317e-02
  -9.7655272e-01
  -1.5989239e+00
  -2.2074197e-01
  -7.5906245e-01
  -7.8034629e-01
  -3.8197001e-01
  -1.2117654e+00
  -1.2411794e+00
  -1.3875630e-01
  -1.7871100e+00
  -2.8266579e-01
   3.0189559e-01
  -7.3624123e-01
   2.1728023e+00
   3.8687642e-01
  -2.3798954e-02
  -2.9006382e-01
  -5.6617661e-02
   7.4778193e-01
   1.1673564e+00
   8.4151651e-01
   4.0314424e-01
  -8.6009757e-01
  -1.0569089e+00
   1.0008811e+00
   9.8493091e-01
   1.2300249e+00
  -4.8384641e-01
   3.3840460e-01
  -6.5599409e-01
   7.4111289e-01
  -1.2662063e+00
  -1.6599352e+00
   5.4591627e-01
   5.6849527e-01
   8.8134094e-01
  -3.7819119e-01
  -2.6076827e-01
  -1.8104613e+00
  -1.3519210e+00
  -9.8540001e-01
   2.0659169e+00
   1.4634726e+00
   1.3544409e-01
   1.3019156e+00
   4.3304802e-01
  -4.7678524e-02
   1.2453316e+00
   8.4334132e-01
  -9.7042526e-01
  -2.0779513e-01
   9.6833042e-01
   1.2824167e+00
   5.2920728e-01
   5.4283253e-01
   5.6741546e-01
   1.7915386e+00
  -4.6763844e-01
  -1.2346854e+00
  -7.6211859e-01
  -2.7103056e-01
   7.6430703e-01
  -6.6818369e-01
  -3.5982270e-01
  -6.9116066e-01
  -7.4999033e-01
  -1.1525448e-01
  -6.6640676e-02
  -5.5372664e-01
  -2.6519743e-01
  -5.7247143e-01
  -6.3771508e-01
  -1.0697319e+00
  -3.2897350e-01
  -1.7916779e+00
   8.8173163e-02
   4.8925461e-01
  -1.4772073e+00
   1.8796723e+00
   1.7588856e-01
  -6.2960298e-01
   1.4607437e+00
  -1.1824379e+00
  -1.1640619e+00
  -3.9682510e-01
  -9.3854800e-01
  -6.3192951e-01
  -5.9977990e-02
  -2.7467947e-01
  -1.0064787e+00
   8.8716494e-01
   2.4021465e+00
  -1.0747689e+00
  -8.5857202e-01
  -1.0106823e-01
  -1.1408313e+00
  -8.6010085e-01
   1.8218248e-01
   1.4076295e+00
  -2.4023550e-01
  -6.6777297e-02
  -5.5956671e-01
   1.0191839e+00
   1.3835132e+00
   1.0357512e-01
  -7.1754064e-01
  -9.4738852e-01
   4.6341881e-01
  -1.2206865e+00
  -2.3968242e-01
  -1.3795183e+00
  -4.5433963e-01
   1.4695186e-01
   6.4680645e-01
  -7.6880976e-01
  -3.4902812e-01
   3.5516996e-01
   1.8881891e+00
   1.1470023e+00
   6.0748340e-01
  -2.0372841e-01
   3.2267175e-01
   1.3180794e+00
   3.1218624e-01
   3.6731095e-01
   1.4571290e+00
  -8.3574348e-02
   1.4796284e+00
   3.6730018e-01
   1.8186354e+00
  -5.5798787e-01
  -3.7161543e-01
   3.0215668e-01
  -1.1587765e+00
   1.5220887e+00
   1.0252905e+00
   7.5035523e-01
  -3.4948448e-01
  -6.1928565e-01
  -1.2062977e+00
  -2.5813022e-01
   2.2746855e-01
  -1.4213342e+00
   1.1599275e-01
   8.6220117e-01
  -9.8643276e-01
   8.9564482e-01
  -6.9869643e-01
  -8.4467079e-01
  -1.4087178e+00
  -5.0230526e-01
  -1.3366824e+00
  -1.0692991e+00
  -3.6125160e-01
  -7.1920225e-01
   1.1357940e+00
  -4.0388277e-01
  -4.3886098e-01
   2.3891829e-01
   2.2281371e-02
  -3.5224116e-01
   4.6925447e-01
  -1.5611670e-01
  -3.8118127e-01
  -8.2259472e-02
  -1.6981649e+00
  -1.0461276e+00
  -1.3744758e+00
   1.1767949e+00
   5.7264046e-01
   5.7998257e-01
   7.6101228e-02
  -4.9458368e-01
   1.3681134e+00
   1.0569300e+00
  -1.2111645e+00
   1.0422327e-01
  -1.2736820e+00
  -9.1862182e-01
   9.1847246e-01
   3.0780070e-01
  -4.8365493e-01
  -4.2008248e-01
  -6.4153752e-01
  -3.0227074e-01
   6.6202393e-01
   9.3128646e-01
   6.0397127e-01
   1.0652190e-03
  -9.1297313e-01
  -2.0561367e+00
   6.0412189e-01
   1.2291877e-01
   8.8478324e-01
  -1.2871772e+00
   8.7966663e-01
   1.3717062e+00
   1.1325286e+00
   2.3077003e+00
  -7.2894363e-01
   6.4809328e-01
  -4.2521650e-01
   8.5105489e-01
  -1.3712583e-01
   6.8918399e-01
  -6.1088547e-02
   4.8016715e-01
  -1.3370898e+00
   4.8024036e-01
  -3.5035488e-01
   1.2684690e+00
  -1.7115604e-01
  -1.7940647e-01
   2.9451288e-01
  -5.0352186e-01
   4.2468494e-01
  -1.7297034e+00
  -2.2737210e-01
  -1.7041480e+00
   1.2643405e+00
  -1.5714105e-01
   1.0101529e+00
  -7.0107021e-01
  -7.4579011e-01
   3.6207642e-02
  -2.5466769e-01
  -8.8158070e-01
   7.5830713e-01
  -2.2998617e+00
  -4.8041488e-02
   2.4271285e+00
   2.7175474e-02
  -1.1039869e+00
  -1.0182799e+00
   4.9750202e-01
  -5.2465945e-01
  -1.9149264e+00
   2.9862458e-01
   1.0486386e+00
  -9.0787304e-01
   1.3266773e+00
  -9.0159270e-01
  -1.1595510e-01
   8.6182904e-01
   1.3645999e-01
  -6.4804257e-01
  -1.0735402e+00
   1.1925057e+00
   4.4621081e-01
   4.9529082e-01
  -1.3509281e+00
  -3.8097618e-02
  -3.0005079e+00
   6.3455218e-01
  -5.8694489e-01
  -2.3061035e-01
   1.0923617e+00
   9.8587816e-01
  -1.2755746e+00
   6.9768129e-01
   3.0053677e-01
  -4.4021583e-01
  -7.3806571e-02
   1.1130618e+00
  -2.5112085e+00
  -3.9645430e-01
   5.9837896e-01
  -1.9383563e+00
  -1.9594827e+00
   3.9877995e-01
  -2.4492819e-01
   4.0541299e-01
   2.6802266e-03
   6.4267673e-01
   1.6401705e-01
   9.3259588e-02
  -5.3268720e-01
   1.5425986e+00
   1.9569380e+00
   1.1999977e+00
   1.5275081e+00
  -1.1251154e+00
  -1.5067911e-01
   1.8925283e+00
   2.9876765e-01
   2.1370717e+00
  -3.8871195e-01
   5.0642651e-01
  -4.1954715e-01
   2.4407581e-01
   1.7436261e-01
   1.6127316e+00
  -1.9487928e-01
  -8.9756486e-01
  -3.8473224e-01
   3.3182549e-01
   2.2292582e-02
  -1.6243109e+00
   1.8539126e+00
   6.5891268e-01
  -6.7425298e-01
   3.9865876e-01
   5.9801516e-01
   7.8550078e-01
  -1.4109655e-01
  -1.2988233e+00
  -1.4634715e+00
  -1.0703959e+00
   7.6301759e-01
   9.7875108e-02
   4.0216079e-01
  -8.4790017e-01
   2.3914384e-01
  -1.2754045e+00
   1.5883514e+00
  -2.3541138e-01
  -7.8590423e-01
  -2.8894996e-01
  -6.9579250e-01
   1.8762696e+00
   7.8788463e-01
  -1.3393887e+00
  -5.2134776e-01
   2.8111214e+00
   3.0838383e+00
   1.4606444e+00
  -1.0819918e+00
   5.3358967e-01
   7.5518534e-02
   7.3078324e-01
   2.2934295e-01
   1.2010880e+00
  -6.0904648e-01
   4.1623438e-01
   1.5511060e+00
   1.8346560e-01
   5.3962913e-01
   3.6624885e-02
  -4.9005869e-01
   1.3613771e+00
   3.6608300e-01
   7.4185681e-01
  -5.5545939e-01
  -1.0362212e+00
  -7.7261167e-01
  -8.1406947e-01
  -6.3145891e-01
   6.9980561e-01
   3.8718537e-02
  -2.8304352e-01
  -2.5945237e-01
  -4.2101326e-01
   1.4696845e+00
   1.0468146e+00
  -1.0817294e-01
  -1.1079565e+00
   6.4325550e-01
   6.9036446e-01
   8.3955563e-01
   1.9799089e+00
   2.1811506e-01
   1.5526314e+00
  -1.7572747e+00
   5.7769588e-01
   1.1077078e+00
  -1.3540601e+00
  -5.4169679e-02
   5.0535534e-01
  -3.5026023e-02
  -1.6937313e+00
   1.7606032e-01
   2.0078638e-01
   2.2660546e-01
   5.6043220e-01
   1.4379466e-01
   1.1352996e+00
  -3.7385116e-01
  -1.3460140e+00
   1.8211047e+00
  -1.5965175e+00
   1.4040478e+00
  -1.1059685e+00
  -8.1286413e-02
  -1.0172660e+00
   1.2621832e+00
  -1.0754636e+00
   2.2805764e-01
  -9.8743665e-01
  -1.4561425e-01
   1.5554600e+00
   4.8408171e-01
  -5.3748119e-01
  -4.0356547e-01
   1.5997885e+00
  -1.4964717e+00
  -9.1140669e-01
  -1.2227371e+00
   4.8308296e-01
  -7.2328020e-01
   1.3077874e-01
  -3.5845366e-01
  -8.9540992e-01
   4.0340010e-01
   9.9956973e-03
  -4.2853589e-01
   1.1266519e+00
  -1.3534807e+00
   8.1885596e-02
  -1.3509372e+00
   5.6823873e-01
  -5.3574002e-01
  -4.9047997e-01
   1.3909848e+00
  -1.6715303e+00
  -2.7269282e-01
   1.0341844e+00
  -1.7226679e-02
   2.1736833e+00
  -9.0278535e-02
   6.7064836e-02
  -1.8011851e-01
   9.5968991e-01
  -1.0297404e+00
  -8.1588090e-01
   5.5117224e-01
  -1.2386433e+00
  -1.5670641e-01
  -3.3675898e-01
  -1.2930930e-01
  -3.9159674e-01
   8.6601053e-01
  -1.8917193e-01
   3.4313592e-01
   1.2923759e+00
   9.3702396e-01
  -3.6303500e-01
   4.5487037e-01
   3.1049315e-02
   1.1350555e-01
  -5.9076080e-01
  -7.4717549e-01
   2.4145615e-01
   1.0620760e+00
  -5.2774329e-01
   1.0849931e-02
   2.5876727e+00
   2.5034827e+00
   5.3511256e-01
   6.8450269e-01
   2.5706823e-01
  -1.0142437e+00
  -1.4878647e+00
  -1.1512312e+00
   3.8739505e-01
  -1.3196857e+00
   8.7500311e-01
  -9.0404653e-01
  -8.8377893e-01
   4.3709924e-01
   2.6416784e-01
  -5.3441191e-01
   7.7641109e-01
  -1.2875327e-01
   3.0055194e+00
  -7.6218084e-01
  -1.5219619e+00
   1.7540764e+00
   8.9265623e-02
  -1.3292079e+00
  -1.5728871e-01
  -8.7338154e-01
   1.0351503e+00
  -3.6533758e-01
   1.3049684e+00
  -7.5192005e-01
   2.8041431e+00
  -5.3962699e-01
   1.3358010e-01
  -3.3927524e-01
  -4.8431030e-01
  -3.8963030e-02
  -1.6933340e+00
   1.2628114e+00
  -2.2815680e-03
  -8.3018700e-01
   1.6305686e+00
  -6.1404812e-01
  -1.0348663e+00
  -1.5678778e+00
  -6.0583782e-01
   7.1527016e-03
   4.3271467e-01
   1.8501340e-01
   9.4858123e-01
   6.8740578e-01
   4.2359510e-01
  -9.4943500e-01
  -2.1478042e+00
   2.1729028e-01
   1.1248928e-01
   1.7954961e+00
  -1.1972640e+00
  -7.2154279e-01
   8.7347226e-01
  -6.2628422e-01
  -2.6533552e-01
  -1.6896816e+00
   1.7512618e+00
  -6.7058129e-01
   5.9093908e-01
  -4.9469686e-01
  -4.3872686e-01
  -1.3976236e-01
   9.1937873e-01
   8.3730082e-01
   1.9360603e+00
  -7.3366315e-01
  -4.6547699e-01
  -3.1950517e-01
   1.9444566e+00
   7.0306727e-02
  -3.5847499e-01
  -1.0769143e+00
   1.0331706e+00
   1.5101209e-01
  -9.5610841e-01
   3.0476691e-01
   1.3884244e+00
  -2.2245139e-02
   7.2682309e-01
  -2.2936739e-01
   7.3156737e-01
  -2.1179693e+00
  -2.2308849e+00
  -4.9913806e-01
   1.7546683e+00
   3.8398959e-01
  -1.3464298e+00
  -2.4361646e+00
  -2.2534210e+00
   4.0075437e-01
   1.1702159e+00
  -5.6162300e-01
  -2.0113098e+00
  -6.6026653e-01
  -1.1073757e+00
  -1.9013460e+00
  -6.9730787e-01
   2.1316046e+00
   4.1020797e-01
  -1.3724516e+00
   9.0689889e-01
  -1.4018135e+00
  -1.1016595e+00
  -1.6720160e+00
   2.0994448e-01
  -9.6762569e-01
  -1.0487039e-01
  -5.9639921e-01
  -9.6760805e-01
  -5.0275939e-02
   1.2206179e+00
   1.7624657e+00
   4.1773911e-01
   3.1366346e-01
  -3.6527832e-01
   2.0393488e-01
  -9.0418151e-01
   1.0715856e-01
  -6.5309322e-01
  -9.7024738e-01
   2.1050787e-02
  -2.4429746e+00
  -3.9433630e-01
  -6.8845725e-01
   1.1100964e+00
  -5.7297548e-01
  -2.9669391e-01
   6.5815709e-01
  -7.1096339e-01
  -8.7193066e-01
   3.5120065e-01
  -5.4681243e-01
   8.0844354e-01
  -2.5126712e-01
  -1.0708539e+00
  -4.1245490e-01
  -8.9732136e-01
  -7.8322007e-01
  -1.1591218e+00
  -2.3816232e-01
  -1.9864951e-01
   2.1905579e-01
   7.9837084e-01
   3.0125533e-01
  -1.0450835e+00
   1.0936718e+00
   8.0033686e-01
  -1.0502527e-01
  -6.1132436e-02
  -8.1582605e-01
   7.3467274e-01
  -1.9147082e+00
  -6.1477424e-02
  -4.0365286e-01
   1.0873672e+00
  -4.4346734e-01
  -1.4810604e-01
  -6.5588125e-01
  -1.9605093e+00
   6.9185455e-01
  -1.0226234e+00
   8.7579511e-01
  -1.1131917e+00
   1.3742509e+00
  -3.9450572e-01
  -1.1316092e+00
  -4.6291494e-01
   3.2812881e-01
   9.8225951e-01
   2.6124748e-01
  -6.5262210e-01
  -8.2802413e-01
  -8.6078359e-01
   6.2576916e-01
   5.2523172e-01
   1.4774628e-01
  -2.9516158e-01
  -1.5506681e+00
   7.1132625e-01
   8.0973279e-01
   8.1157843e-01
   1.7863989e+00
   2.8013370e-01
  -6.2635097e-02
  -2.0655348e+00
  -1.0042538e-01
   8.3831332e-01
  -1.3597061e+00
   1.2276644e+00
  -1.6457908e-01
  -5.1740459e-01
   4.6319154e-01
  -4.5626261e-01
   1.0996446e+00
  -3.0252542e-01
  -1.3649764e+00
   2.4500351e-01
   2.5072041e-01
  -1.1945521e+00
   1.3324208e+00
   7.3091601e-01
   5.1276479e-01
   1.3134552e+00
   2.3730326e+00
  -4.4529653e-01
  -1.8224631e+00
  -2.3422672e-01
  -7.3252002e-01
   7.2331582e-01
   2.5426055e+00
   7.2781463e-01
  -5.9083074e-01
  -5.6410739e-01
  -5.7738788e-01
   2.9036328e-01
  -1.3239718e+00
  -8.5969575e-01
   2.9595641e-01
   2.5737409e-01
   2.5574242e+00
   8.4337687e-01
   8.1192086e-01
  -7.5275378e-01
   7.5429447e-01
  -1.6848714e+00
   6.0805574e-02
   4.2744098e-01
   9.0123819e-01
  -1.7968025e-01
  -4.7025280e-01
  -1.8364130e-01
   2.3683904e-01
   1.1436989e+00
  -8.6968870e-01
   5.7859285e-01
   7.5321384e-01
   3.9474877e-01
  -1.1800615e+00
   1.4313304e-01
  -2.5935967e+00
  -3.6084447e-01
   5.7308762e-01
  -6.5634298e-01
   3.9768283e-01
   4.6908066e-01
  -1.6083397e+00
  -5.3189840e-02
   4.8302007e-01
   8.5904968e-01
   1.0358191e-01
   1.5715626e-01
  -2.8696000e-01
   3.2833090e-02
  -9.1789247e-01
   1.1764670e+00
   5.4621250e-02
   1.9371537e-01
  -1.1595873e+00
   1.6059358e+00
  -1.0554308e+00
   1.2201850e-01
   4.2199898e-03
   6.0915516e-01
   9.0968951e-01
   7.2187917e-01
   2.0173248e-01
   2.6057916e-01
   6.1910947e-01
  -2.1924376e-01
   1.2751059e-01
  -2.1882868e+00
   5.4900464e-01
  -6.8650617e-01
  -1.4280950e-01
  -2.8842181e-01
   1.5215231e-02
   9.2397319e-03
   2.9345622e-01
   1.7739102e+00
   4.3595578e-01
   9.3745362e-03
  -3.0080088e-01
  -9.7177358e-01
   2.9245798e-01
  -4.2684604e-01
  -8.5386622e-01
  -1.4739413e+00
  -1.2478075e+00
   2.3690509e-01
  -8.7855829e-01
  -1.5867727e+00
  -8.8224458e-01
  -2.6922210e-01
  -7.6044715e-01
   2.5170194e+00
   3.1480171e-01
   8.0630420e-01
  -1.2728918e+00
   1.1125530e+00
  -1.3422454e+00
  -1.1265918e+00
   5.4937441e-01
  -5.1130957e-01
  -5.0869839e-01
   1.0452962e+00
  -8.4878904e-01
   8.0372102e-01
  -1.1925290e-01
  -1.1231639e+00
  -3.4054343e-01
   5.3053072e-02
   2.5150241e+00
  -5.3775369e-01
   1.8639913e+00
  -5.7290848e-01
   1.9434800e+00
  -5.8945781e-01
  -1.2310405e+00
  -9.8218942e-02
   3.8433713e-01
   8.5359591e-01
   1.3607160e+00
   6.8964717e-01
  -1.2453855e+00
   1.5422736e-01
  -1.3967016e-02
  -2.5346129e-01
   1.7356463e-02
  -1.0044330e+00
   2.6199085e-01
   1.7036211e+00
  -6.0363143e-01
  -7.0383298e-01
  -5.1398109e-01
  -1.9422744e+00
   5.0017683e-01
  -1.3844765e+00
  -3.5163565e-01
  -1.4245506e+00
  -5.4201116e-01
   2.5021487e+00
  -8.6489901e-03
   9.5340156e-01
  -1.7688785e-01
  -3.9231957e-01
   1.4008826e-01
   2.0012451e+00
   6.1046523e-01
   9.0974921e-01
  -6.2328536e-01
   1.8490144e+00
  -1.9997486e-01
   1.6533540e-01
  -2.4836084e-01
   5.6925162e-01
   1.3865160e+00
  -1.0751855e+00
  -4.8234665e-01
  -6.2200947e-01
   1.1668013e+00
  -4.9457696e-01
   1.7581080e+00
   8.1440311e-01
  -5.2511541e-01
  -1.5490742e-01
  -1.6973115e+00
  -2.0003207e-01
  -3.3288353e-01
  -8.5312993e-01
   7.5994955e-01
   1.2968449e-01
   4.3166339e-02
  -8.8259986e-01
   6.0267486e-01
  -7.1527710e-01
   1.9211558e-01
   9.2724940e-01
   7.4574867e-01
   2.9047677e-01
   5.4180511e-01
  -1.2388000e+00
  -5.6654898e-01
  -5.6579471e-01
   1.4099238e+00
   9.0037209e-01
   2.5844029e-01
   8.4710029e-01
  -2.5199978e-01
  -2.3846173e+00
  -4.0070259e-01
  -2.7956644e-01
   9.5443741e-01
  -1.1925653e+00
   9.4848646e-01
  -7.9924819e-01
  -9.3882124e-01
   1.7076515e+00
   3.3675996e-02
  -6.9899588e-01
  -4.8830595e-01
  -1.3097361e-01
  -6.8162255e-01
   4.9784916e-01
  -3.4027670e-01
  -1.1867600e+00
   5.4350854e-01
  -7.9383838e-01
  -2.6932826e-01
  -1.3946842e+00
   5.6530036e-01
   1.2774901e+00
  -8.6293503e-01
  -1.2407129e+00
  -6.4942239e-01
  -1.2315958e+00
  -6.3838854e-01
   2.2414318e-01
  -8.8242923e-02
  -8.5653552e-01
   1.1803832e+00
  -2.4179031e-01
   6.6388416e-01
  -7.6130935e-01
  -1.0981555e+00
  -7.5025912e-01
  -5.2484288e-01
  -4.8090736e-02
   2.7487900e-01
   1.9584319e-01
  -9.2394789e-01
  -4.2041949e-01
   9.8524193e-01
  -1.6290856e+00
   7.8285874e-01
   9.7579411e-01
   4.7137564e-01
   2.3813875e+00
   1.9560689e+00
   1.5636342e-01
  -3.5367335e+00
   9.2537757e-01
  -8.2104749e-01
  -1.1623351e+00
  -1.2423919e+00
   1.1952783e+00
   2.8108259e-01
  -1.4272879e+00
  -2.0443575e+00
  -7.9302967e-01
   5.2115395e-01
   3.7975165e-01
   1.7203279e+00
   2.0967514e+00
  -5.6654230e-01
   1.1219905e+00
   9.3482296e-01
   7.4752408e-01
   2.3876777e-01
  -5.1146755e-01
   1.1944748e+00
   1.2468329e-01
  -2.3739201e+00
   7.9323962e-01
  -8.4282230e-01
   1.9333296e+00
  -8.8922111e-01
  -8.4993603e-01
   9.6459025e-01
  -7.1108776e-01
  -1.9626383e+00
   1.6554210e+00
   4.4852714e-01
   1.6007003e-01
   7.4002702e-01
   1.6487018e+00
   1.5147463e+00
   4.0700112e-01
  -6.3650062e-01
  -5.1640416e-01
  -3.8271779e-02
   2.5755856e-01
   2.2336065e-01
   5.5437862e-01
  -3.0991085e-02
   1.6066745e+00
   1.4848321e-01
   7.2643625e-01
  -2.8046379e-01
  -1.4960500e+00
  -4.3919110e-02
   1.1404195e+00
   1.9446527e-02
  -2.2320561e-02
   4.1467688e-01
   1.8856526e-01
  -1.4408899e-01
  -1.0829018e-01
   1.9715651e-02
   6.6206612e-01
  -7.3772126e-01
  -1.7338755e+00
  -7.1473665e-01
   6.6614614e-01
  -6.5869495e-02
   1.2152013e+00
   1.6208586e+00
   1.6909665e+00
  -3.8247955e-01
   2.4680733e-01
   2.8153660e-02
  -5.5242355e-01
   1.6909437e+00
  -5.1901149e-01
   6.2050805e-02
  -1.4044357e+00
   4.2467849e-01
   2.9333097e-02
  -1.7019506e+00
  -6.6437068e-02
  -1.8009420e+00
   3.1568846e-02
  -4.9850842e-01
  -6.2450127e-02
   1.1039000e+00
  -3.5778086e-01
  -1.5900686e+00
   1.7580333e-01
   1.1700662e+00
  -1.5498370e+00
   6.3736803e-01
  -1.6721084e+00
  -7.8288523e-01
   2.0150006e+00
  -8.8576990e-01
   6.9864171e-01
   6.0398149e-02
  -2.0372120e+00
   5.3246685e-01
   1.9714697e+00
   2.1974901e+00
   2.0498613e+00
  -5.9461100e-01
  -1.8760213e+00
   1.7644840e+00
   2.1504733e-01
   2.2073106e-01
  -3.2608859e-01
  -3.2686332e-01
  -7.6013436e-01
  -1.8236829e+00
   9.3982509e-01
   6.2450474e-01
   2.3558012e+00
   8.3417425e-01
   8.4746234e-01
   1.8972131e+00
  -6.8620414e-02
  -1.5741048e+00
   4.0141596e-01
   1.4818973e+00
   7.4694491e-01
  -1.2008581e+00
   7.6695474e-01
   8.3891041e-01
  -1.1861376e-01
  -1.3535429e+00
   1.1337561e+00
  -1.5717947e+00
   7.3679141e-02
   1.5021390e-01
   1.0562675e+00
   8.3844986e-01
   1.3232817e+00
   1.6897763e+00
  -2.1073351e+00
  -1.0232461e+00
  -1.4645645e+00
  -5.6438020e-01
  -2.0429401e-01
   5.4697963e-01
  -9.7529530e-01
   1.0093169e+00
  -7.9101514e-02
  -4.3135774e-01
  -2.5371383e+00
  -1.1214331e-01
   2.3210064e-01
  -1.6010417e-01
   1.0492564e+00
   1.4470856e+00
   1.4982874e+00
   2.4930317e-01
   2.8571417e-01
  -1.0420523e-01
  -2.0494574e-01
   1.5025243e+00
   8.8096236e-01
   1.1458004e+00
  -6.1350026e-01
  -6.8034640e-01
  -1.2535249e+00
   4.8614996e-01
  -7.9322017e-01
   3.2552930e-01
  -1.0380671e+00
   1.2168958e+00
   3.5087904e-01
   7.4104621e-01
  -1.7366818e-01
  -5.5986213e-02
  -8.5740709e-02
   9.6898909e-02
  -6.2925702e-01
   5.3153697e-01
   9.8162540e-03
  -3.9147673e-01
   2.7648630e-01
  -5.9875519e-01
   3.4394438e-02
   6.2416992e-01
  -1.1467500e-01
   6.8020438e-02
  -4.2463468e-01
   9.2303364e-01
   1.3923685e+00
   5.8958629e-01
   3.7799318e-01
  -2.2187646e+00
  -2.4365134e-01
   5.1278331e-01
   1.3410305e-01
   6.6075037e-01
  -5.0902659e-01
  -7.2544473e-01
   1.2301740e-01
  -3.2347858e-01
   1.4530151e+00
  -2.5105090e-01
  -1.0193440e-01
  -1.3885364e-01
   2.6018409e-01
   4.4939488e-01
   1.7987945e+00
   2.2574693e-01
   3.8166551e-01
  -4.3540332e-01
   2.3308095e-01
   1.0592109e+00
   1.2530824e+00
  -8.0945770e-01
   1.5558876e+00
   5.3122593e-01
   8.0369730e-01
  -1.3248644e+00
  -4.2240868e-01
  -5.8595198e-01
  -1.7655312e+00
  -1.1633344e+00
   2.9477730e-01
  -6.8714986e-01
  -1.0713320e+00
  -6.9298083e-01
   1.0152945e+00
   7.0165105e-01
  -1.1465783e+00
   4.4986675e-01
  -1.8270273e+00
  -4.4311218e-01
  -2.3008658e+00
  -8.4508513e-01
  -3.4143161e-01
   3.2869963e-01
  -5.8162654e-01
   1.1252733e-02
  -1.2265072e+00
   6.7618269e-01
  -8.0078665e-01
   1.0090347e-01
  -4.0896904e-01
   1.0371526e-01
  -4.5704390e-01
   3.2271937e-01
   2.5765809e+00
   1.3449156e+00
   2.0378898e+00
  -6.7628644e-01
  -2.1057425e-01
  -4.7080312e-02
  -1.9140762e+00
  -8.4623108e-01
  -1.5433640e+00
  -9.2221859e-01
   8.0130840e-01
   7.2713599e-01
  -1.7803127e-01
  -1.3606931e+00
  -7.3709461e-01
   2.1292933e+00
   2.2054704e+00
   3.2963109e-01
  -8.9447966e-01
  -3.5870607e-01
   8.9836846e-01
   7.5080979e-01
   6.7267141e-01
   1.4020284e-01
  -5.4225172e-01
  -1.4623817e+00
  -6.8867397e-01
  -1.5495065e-01
  -1.6021956e+00
  -9.7573113e-01
  -7.8205081e-01
   6.4639724e-01
  -4.8851477e-01
   9.0288109e-01
   4.4043926e-01
   6.4050024e-01
   4.1049912e-01
  -5.6218839e-01
  -1.3406098e+00
   4.4742973e-01
   2.2455870e+00
   3.6520851e-01
  -8.1210263e-01
  -2.5856559e-01
  -1.4788040e+00
   9.1112418e-01
  -3.3470811e-02
  -3.2742629e-01
  -1.5126270e+00
  -8.1631985e-01
   1.5222932e-01
   1.3160671e+00
   1.1434712e+00
   3.2069295e-01
   7.7692912e-01
  -9.7701484e-01
   6.1679092e-01
  -4.8366841e-01
   7.1435466e-01
   1.8297761e-01
  -7.8603114e-01
   1.4123213e-01
  -2.3849973e-01
  -3.0973340e-01
  -1.5762953e-01
   6.2915943e-01
  -1.6565403e+00
  -6.3232354e-02
   1.5786968e+00
  -9.8994602e-01
   1.5630551e-01
  -4.5036771e-01
   1.5139597e+00
   1.7859832e+00
   2.1122767e-01
  -1.1979480e+00
  -1.8777082e+00
   3.0491991e-01
  -1.8344084e+00
  -1.5634266e+00
  -9.1187415e-01
   9.8455219e-01
   6.2229074e-01
   1.1756427e+00
  -1.7347270e+00
   1.9832680e-01
  -8.6229605e-01
   1.4322279e+00
  -4.9388235e-01
   1.1716832e+00
  -3.9984902e-01
   1.2057031e+00
   1.9604700e+00
  -3.3350267e-01
   1.2222322e+00
  -2.7168230e-01
  -7.4502341e-01
   7.7983010e-01
   3.3155917e-01
   1.5043222e+00
   2.4987648e-01
  -2.3722349e+00
   8.2365790e-01
  -8.1303008e-01
  -4.8210172e-01
  -2.0366433e-01
  -1.0759900e+00
   2.3491901e-01
   1.5542868e+00
  -6.1434001e-04
   4.6915953e-01
   9.4363770e-01
   6.4860722e-01
   1.4407155e-01
   1.1665924e+00
  -2.8610062e-01
   1.6798060e+00
   1.1213682e+00
   1.0556250e+00
   1.1097159e+00
   1.6129316e+00
  -7.0882151e-01
   1.6263384e+00
  -1.9537423e-01
   8.8813416e-01
  -6.3657904e-01
   1.6662855e+00
  -5.5476715e-01
  -1.8967378e+00
   6.6916556e-02
   4.8221351e-02
  -3.9808951e-01
   1.4267665e+00
  -3.2296076e-01
   1.3521521e+00
   1.2093291e+00
   3.1709553e+00
  -7.6767603e-01
  -3.5361546e-01
  -1.3527927e+00
  -1.8025612e+00
   7.2583010e-01
   1.4427282e+00
   2.9952933e-01
  -4.8295553e-02
   1.2953194e+00
  -4.6195061e-02
  -6.3123582e-01
   5.6188451e-02
   1.3934597e+00
  -5.5953148e-01
  -3.0339265e-01
  -3.2484599e-01
  -7.7789195e-01
   7.4623131e-01
  -1.6028511e-01
   1.0688551e-01
  -2.0716329e+00
   1.2090798e+00
   1.0791488e+00
  -1.3594483e+00
   1.1483183e+00
  -4.3118345e-01
   1.4877690e-02
   1.0442719e+00
   8.0332811e-01
  -1.2507653e+00
   4.8882871e-02
  -9.9319688e-01
   7.7125454e-01
   1.0462712e+00
   1.1190227e+00
   1.3450106e-01
   1.7160231e-01
  -1.2253562e+00
   3.9370935e-01
   2.0590142e-01
   1.5731348e+00
  -2.3898286e-01
   1.9618287e+00
  -2.7329925e-01
  -3.6839490e-01
  -1.5340073e-01
  -1.8034480e-01
   8.6838320e-01
  -1.2035049e+00
  -1.2794054e+00
   1.7709654e+00
  -1.4132224e+00
   3.0452764e-01
   9.9952568e-01
   3.3808230e-01
  -1.2474571e+00
   2.3247246e-01
   4.3540157e-01
  -1.5378641e+00
  -1.6567558e+00
  -4.2959515e-01
   1.7081972e+00
   5.6723558e-02
   4.4858595e-01
  -1.5309205e+00
   1.9670422e-01
  -1.2041600e+00
   1.4072907e+00
   9.6809772e-01
  -1.8489972e-01
  -2.4804417e-01
  -3.6256167e-01
  -9.6179196e-01
   2.7535023e-01
  -6.8513421e-01
   1.2193590e+00
  -4.1392189e-01
  -9.5447548e-01
  -6.4540398e-01
  -5.7908765e-01
  -5.1856757e-01
   6.3176392e-01
   1.9494220e-01
   5.0565304e-01
   5.6537184e-01
   3.0555512e-02
   3.6201006e-01
   1.2580651e+00
   1.2834134e+00
   7.7011512e-01
   6.3673738e-01
  -7.2977250e-01
  -2.2681196e-01
   6.8326584e-01
   1.3328893e+00
   9.0601826e-02
  -3.4881219e-01
   1.0069905e+00
   2.4699478e-01
   1.0393241e+00
  -3.6722732e-03
   1.2662226e+00
   7.6643276e-01
   5.9550978e-01
  -6.3433914e-01
   7.1374028e-01
   1.5731995e-01
  -9.0642445e-01
   6.0267682e-01
  -1.1568503e-01
   1.8352064e+00
   4.7202128e-01
   5.3174051e-01
   8.7000426e-01
   6.2463458e-01
  -2.7343252e-01
   2.5258801e+00
   1.8952664e-01
  -7.4438277e-01
  -6.0399023e-01
   2.6472044e-01
  -2.2689945e-01
  -1.4496140e+00
  -1.5641272e-01
   1.7765049e+00
  -3.7469456e-01
   2.9437446e+00
  -9.4489983e-03
   2.2141553e-01
   1.0379052e+00
   7.6949866e-01
   6.3378063e-01
   1.4339560e+00
   1.1419132e+00
   3.2070046e-01
  -1.3456496e+00
  -1.5198232e+00
   7.5684138e-02
   2.3823539e-01
  -1.4511735e+00
   7.5717718e-01
   1.2790920e+00
   1.4887607e+00
  -7.2887895e-02
   8.5842082e-01
   3.9685033e-01
   6.5733469e-01
   7.8843978e-01
  -2.3860027e-01
   4.6657166e-01
  -1.4200263e+00
  -6.8502344e-01
   1.5201864e+00
   1.1874600e-01
   1.5215017e+00
   7.8662545e-02
   1.1891597e+00
   4.5285871e-01
  -4.8528219e-01
  -9.0139020e-01
   7.8096701e-01
  -1.3475977e-01
   9.1863980e-01
  -1.8032656e-01
  -7.4480254e-01
  -1.1496732e-01
  -2.8054877e-01
   8.1202630e-01
  -1.5046398e-01
  -2.6375324e+00
  -1.3572035e-01
  -1.0768350e+00
   2.5962281e-01
   1.1096231e+00
  -1.3242585e+00
   6.3880435e-01
  -1.0914946e+00
  -5.7146332e-01
   9.5819408e-01
   1.0307578e+00
   8.4483530e-01
   2.1354047e-01
  -8.6479678e-01
   9.5912973e-01
  -1.0673378e+00
  -7.4814777e-01
   3.1725952e-01
  -4.8492680e-02
  -9.0976503e-01
   4.4701137e-01
   4.0599821e-01
  -9.3051058e-01
  -1.5495181e+00
   2.9696657e-01
   1.5971451e+00
  -5.4679255e-01
  -5.2183294e-01
  -9.4834889e-01
  -3.5949087e-01
   2.2417922e-01
   9.7887557e-01
   4.9313172e-02
  -1.8381969e+00
  -9.7190273e-02
  -9.8036098e-01
   8.6742645e-02
  -1.0502912e+00
  -3.2143283e-01
   1.3433402e+00
  -5.0869579e-01
  -2.8579563e-01
   3.1962722e-01
  -1.9755440e-01
  -1.8336796e-01
  -6.2995004e-01
  -7.0584331e-01
   7.8493556e-01
   5.0987554e-01
   5.2336771e-01
  -4.6331634e-01
   3.8540769e-01
  -4.2223781e-01
   1.8354472e+00
  -1.5924701e+00
  -5.7773592e-01
   1.1645343e+00
  -5.2023577e-01
  -1.3242049e+00
  -1.5418641e+00
  -1.4238677e-01
   6.2273389e-01
   1.6144044e+00
   7.5809611e-01
   1.0039895e-01
  -3.6805235e-01
  -1.2545206e+00
  -6.1691293e-01
  -3.0462723e-01
   2.3711393e+00
  -6.4273419e-01
  -1.2537685e+00
   1.0734794e+00
  -5.6835045e-01
   1.1215372e-02
   8.8141638e-01
  -9.0207049e-01
  -4.6770447e-01
  -5.3246904e-01
   1.0112047e+00
  -2.2067230e-01
   5.7623828e-01
  -1.8153453e-02
   2.1163271e+00
   8.9677679e-01
  -6.3658191e-01
   8.5075249e-02
  -1.3308139e+00
  -1.2261749e+00
   4.5219730e-01
  -8.3898489e-01
   9.1602487e-01
   8.9057276e-01
  -8.6418616e-01
  -1.2953774e+00
  -1.1561150e+00
  -2.4303945e-01
  -1.1890568e+00
  -3.4487383e+00
   5.2879847e-01
  -8.9794029e-01
  -1.1042377e+00
   4.7472876e-01
  -4.7260156e-01
  -6.9953057e-02
  -1.2207835e+00
   3.6471808e-01
   1.2492350e+00
   3.1458786e-01
   1.1360344e+00
  -7.5969092e-01
  -1.5012018e+00
   3.3607898e-01
  -1.0760087e+00
  -8.1183171e-01
   8.3352918e-02
   4.2684585e-01
   1.8929399e-01
   3.6075248e-01
  -7.1423827e-01
   4.8717529e-02
  -5.5501376e-01
   5.8087649e-01
  -5.1911313e-01
   9.0487634e-01
  -2.4094388e-01
   2.5413261e-01
  -1.5118872e+00
   4.5680722e-01
   6.4356213e-01
   1.1558613e+00
   1.8835347e-02
  -1.9421127e-01
   2.0419069e-01
   1.5497197e-01
  -5.4484240e-01
  -2.0772510e-01
  -1.1185029e+00
   1.6811885e-01
  -4.4945212e-01
  -8.1617455e-01
  -8.2618992e-01
   3.2096272e-02
   1.7084196e+00
   5.7229417e-01
   1.5828236e+00
  -4.7933890e-01
  -9.9115228e-01
   6.5011229e-02
   5.6020667e-02
  -5.7142871e-01
  -1.6662847e+00
  -2.3194170e-01
  -6.7541903e-01
   1.1833989e+00
  -9.8349827e-01
   7.3366221e-01
  -3.8870768e-01
   5.9579799e-01
  -5.4059765e-01
  -6.3168773e-01
  -6.2334000e-02
  -4.8789416e-01
   1.1386116e+00
   1.1417906e+00
   1.1887938e-01
   2.4428615e-01
   1.9994026e+00
  -4.3204702e-02
  -6.4550476e-01
   1.1338386e+00
  -1.4518326e+00
  -1.5918643e+00
   1.0938895e+00
   1.2151308e+00
   4.6014421e-01
   4.0321052e-01
   1.0269474e+00
   1.3213991e-02
  -1.1247811e+00
  -1.2047389e+00
  -1.4301056e+00
   1.5894212e-01
  -8.8989744e-01
   5.5259538e-01
   5.0691818e-01
  -2.6840715e+00
   2.2565436e-01
   1.0337029e+00
  -1.0981689e-01
   2.1242503e-01
  -2.3996103e-01
  -1.2816954e+00
  -8.2175224e-01
  -5.0965439e-01
  -1.7988270e+00
  -1.2400305e+00
   3.2668369e-01
  -2.5446673e-01
  -1.2700959e+00
   9.2060021e-01
   6.8601836e-01
   3.8061279e-01
   2.2582686e+00
   1.1510071e+00
  -2.2245426e-01
  -2.9210799e-01
  -1.4302591e+00
  -1.5777556e-01
  -1.6896944e+00
   5.2759352e-03
   2.0477519e-02
   2.6754559e-01
  -1.7143725e-01
  -1.3017445e+00
  -8.0331460e-01
   4.5134444e-01
  -1.8512930e-02
   3.1334855e-01
  -1.2575204e+00
   4.6874961e-01
   8.0958917e-01
  -3.0236536e-02
  -9.6623809e-01
   8.0350081e-02
  -5.1399738e-01
   3.7951621e-01
  -1.1657680e+00
  -7.0799034e-01
   1.1482451e+00
   6.4230844e-01
   4.0270819e-01
  -1.1753329e-01
  -1.5670989e+00
  -4.9924081e-03
   6.2096017e-02
  -2.7919708e-01
  -6.3400205e-01
   1.1344183e+00
   4.4023725e-01
  -1.3434118e+00
  -9.0376622e-01
  -1.5213059e+00
   3.0558408e-01
   8.9620203e-01
   9.0474191e-01
  -2.5711127e-01
   1.3306262e+00
   2.6773556e-01
   6.0365836e-01
  -2.0009715e+00
   2.2707583e+00
   5.9200540e-01
  -5.1217437e-01
   1.6081332e+00
   8.0353347e-01
   1.3069383e+00
  -2.4437675e-01
  -1.8381167e+00
   1.0566011e+00
   1.7887616e-01
  -1.0450122e+00
   1.2682735e+00
   1.4545829e+00
   2.0653944e+00
  -5.8704611e-01
   1.8826684e+00
   3.1297977e-01
   6.7705764e-02
   7.5706755e-01
  -2.6669510e-01
  -7.5660344e-01
   2.9622713e-01
  -1.1596635e-01
  -3.6661121e-02
   2.8417609e+00
   2.4755607e-01
  -1.0004313e+00
   9.4204865e-01
   1.0352368e+00
  -1.0746686e+00
   1.0637672e-01
  -1.3542443e-01
  -4.2273640e-01
   1.9893818e+00
  -4.5912291e-01
   1.0282671e+00
  -5.6479411e-02
  -5.0044778e-01
  -5.3691900e-01
  -6.2974475e-01
  -5.5423429e-01
  -9.2135189e-01
  -7.8923507e-01
   3.7908465e-02
  -7.5122759e-02
   9.0604149e-01
   1.8698630e-01
  -6.3257531e-01
  -8.7077582e-01
  -1.3320271e+00
   5.5356815e-01
   6.1786197e-01
  -2.3628893e-02
   7.8495345e-01
   6.2677864e-01
   3.0546534e-01
   2.4895767e-01
  -3.5143675e-01
   8.8369978e-01
   6.8744646e-01
   6.9397459e-01
   9.0842866e-01
   1.1471845e+00
  -1.0843141e+00
  -1.8110928e-01
   4.2256740e-01
   1.0274774e+00
  -8.2180681e-02
   1.8924146e-01
  -3.6852290e-01
  -5.4940379e-01
  -1.0536252e+00
   1.7409085e-01
   3.9724029e-01
   3.9476251e-01
  -5.6618926e-02
  -1.0075516e+00
   2.7816728e+00
   3.2739628e-01
  -1.0532549e+00
  -4.4182484e-01
  -4.0403945e-01
  -3.1179863e-01
   4.0426616e-01
  -1.1454626e+00
   3.4534178e-01
   6.2881120e-01
  -4.1785939e-01
   5.7302128e-01
  -5.5043178e-01
  -1.4545495e+00
   1.2727526e+00
   1.4703138e+00
  -2.4490068e-01
  -8.1402166e-01
  -2.5664472e-01
  -9.0043653e-01
   1.3263693e+00
  -6.6465928e-01
  -8.5011853e-01
   1.1330034e+00
   5.8688310e-01
  -1.1423580e+00
  -4.0278581e-01
   1.4462099e+00
   5.3364258e-01
  -1.2870033e+00
   1.2552907e+00
  -7.5504429e-01
  -9.2585821e-01
   6.1690248e-01
  -7.7271310e-01
  -9.6150933e-01
   1.9387718e-01
   2.2782296e+00
  -1.6788084e+00
   4.6905135e-01
  -7.7132994e-01
  -3.5787170e-01
   1.0125354e+00
  -6.6257604e-01
   6.8221091e-01
  -1.5277066e+00
  -1.1152889e+00
  -1.7378199e-01
   4.8721586e-01
  -8.3209776e-02
  -5.4539693e-01
   7.1373919e-02
  -1.0654898e+00
  -1.3052170e-01
   1.6157765e+00
   4.5059282e-01
   2.7339861e-01
  -1.5579424e+00
  -2.7278104e-01
  -7.3036608e-01
  -8.3946748e-01
   1.2306474e+00
   6.1114295e-01
  -4.0179042e-01
  -7.6588979e-01
   1.2214501e+00
  -1.7366252e-01
   1.9602024e+00
  -5.7266594e-01
   2.5979588e-01
   5.3173447e-01
  -3.6583839e-01
  -9.8750537e-01
  -1.4008421e-01
   1.0017842e+00
  -2.6181370e-01
  -2.6964880e-01
   4.7594682e-01
  -9.1016109e-01
  -2.1411735e-01
   4.6635146e-01
   1.4579802e+00
   1.1285375e+00
   1.5906690e+00
  -1.0374998e+00
  -4.5588303e-01
  -1.9392004e-01
   1.1621489e+00
  -5.9087430e-01
  -5.4639459e-01
   1.5739389e+00
   6.1600285e-01
  -9.8670912e-01
   1.3484649e-01
  -1.8964388e-01
  -1.7051298e+00
  -2.8880841e-01
   5.5591036e-01
  -1.7919147e+00
   3.9313545e-01
  -1.9596778e+00
  -1.8405653e+00
   4.1797762e-03
   1.0094157e+00
  -4.5723418e-01
   7.2996487e-01
   1.0793987e+00
  -2.1067041e+00
  -1.8050869e+00
  -1.7712111e-01
   5.2059926e-01
   4.6436057e-01
   5.7316047e-01
  -1.1909966e+00
   1.2446375e+00
  -2.9688938e-01
   7.8433301e-02
  -1.1779806e-01
  -8.3535513e-01
  -1.1196713e+00
   1.5741413e+00
   1.4219126e+00
   1.3398175e+00
   2.2760448e+00
  -2.5274526e+00
  -5.1877367e-01
  -2.4899303e-01
   8.3445168e-01
  -1.9552261e+00
  -1.1021354e+00
  -9.4488097e-01
  -6.5841282e-01
  -3.5016988e-01
  -5.1435034e-01
  -1.5386953e+00
   6.5735066e-01
  -5.9287135e-01
  -9.4798469e-01
  -1.2413813e-01
   6.4047995e-01
   1.0607722e+00
   7.7857215e-01
   1.7820477e+00
  -7.7996758e-01
  -9.1028862e-01
  -1.2017314e+00
  -4.8234226e-01
  -3.7828023e-01
  -6.8169506e-01
   5.3646349e-01
  -1.2033213e+00
  -1.6776056e+00
  -3.2758066e-01
   7.5470109e-02
   1.2789004e+00
  -5.8700523e-01
   4.1572653e-01
   2.3886471e+00
  -2.1413783e-01
  -1.1348874e+00
  -6.5265387e-01
   6.7935870e-01
  -2.0018154e+00
  -6.6211688e-02
  -8.5001059e-02
  -1.3401866e+00
  -4.4665736e-01
   1.9150645e+00
  -8.2992915e-01
   2.8930474e-01
  -6.1594695e-01
   8.3721054e-01
  -1.7430660e+00
   4.8058944e-01
  -1.8028596e-01
  -2.0651336e+00
  -1.5048690e+00
  -6.5173734e-01
   1.4372440e+00
  -1.1368971e+00
  -4.4537629e-02
   1.2546470e+00
  -1.4720964e+00
   1.0300695e-01
   3.7888713e-01
   2.9753512e-01
   3.2500743e-01
   2.1167121e-01
  -2.7803338e+00
   1.2037460e-01
  -1.1797972e+00
  -6.9672277e-01
  -7.6653489e-01
  -1.6900602e+00
  -1.9112169e+00
  -2.9580311e-01
   5.5460977e-01
   2.2840224e-01
   1.4958402e-01
  -7.7754283e-01
   5.3042707e-01
   1.1403683e+00
   1.1504107e+00
   6.9495261e-01
   3.4766136e-01
  -4.1015668e-01
   7.2565354e-02
   7.4067522e-01
   1.1257070e+00
   6.6978118e-01
  -1.1943867e+00
   4.8852277e-01
   4.2743099e-01
   5.9258629e-02
   2.6938708e+00
   9.9692414e-02
   2.9685915e-01
   5.5029965e-01
  -7.7443368e-01
  -9.6973456e-01
   1.5016119e+00
  -7.7227435e-01
  -1.3179073e+00
   2.8978990e-01
  -1.6323659e+00
   1.3638685e+00
   8.1685473e-01
  -3.1184486e-01
   8.4893811e-02
  -6.4141583e-02
   9.2377020e-01
   3.6172538e-01
   3.1567196e-02
   1.3182857e+00
   2.0601524e-01
  -9.6606547e-02
  -4.4726197e-01
   1.6399524e+00
   1.5607295e+00
  -1.6270158e+00
   1.6346502e-03
  -1.4133989e+00
   1.2418357e+00
  -8.9942874e-01
  -9.5154778e-01
   1.2975073e+00
   1.6050440e+00
  -8.9693406e-01
   9.5990077e-02
  -9.3620578e-01
  -1.4310176e+00
   5.1144716e-01
  -1.5940119e+00
  -4.7214470e-01
   1.6613644e+00
  -1.6189268e+00
   1.1215078e+00
  -4.5408888e-01
   9.5415732e-01
   8.1803907e-02
  -1.0136806e+00
   1.7102173e+00
   2.6407287e+00
   1.6045320e+00
   5.3548646e-01
  -1.1688162e+00
  -1.9827079e+00
  -9.5389527e-02
  -6.5984433e-02
  -3.9941598e-01
  -1.4795882e+00
  -4.0441719e-01
   1.4201387e+00
   6.6871519e-02
  -1.3902632e+00
  -5.0731833e-01
  -2.2759638e-01
  -6.7055643e-01
  -9.3735387e-02
  -1.8115812e-01
  -6.8972721e-01
  -3.4611849e-01
   8.8826715e-01
   1.6281586e+00
   2.6306434e-01
  -6.1951838e-01
  -2.4870043e-01
   3.1948482e-01
   5.1938698e-01
   3.1644505e-01
   9.3828664e-02
  -3.3337517e-02
   8.2671232e-01
   1.7518246e-01
   9.2026981e-01
  -3.1972399e-01
   8.4921589e-01
  -2.6920882e+00
  -2.4687359e+00
  -1.3603187e+00
   7.9283813e-01
   9.6616540e-01
  -1.1212122e+00
  -6.0157803e-01
   9.0724358e-01
   4.6512968e-01
   3.4545870e-01
  -3.0450760e-01
   1.5927818e-02
  -5.8274015e-01
   9.5423383e-01
  -2.2498776e-01
  -1.0527918e+00
  -8.0002102e-01
   4.5524984e-01
  -2.2157935e+00
   1.1355441e+00
  -2.4998867e-01
  -9.4801175e-01
   6.8950053e-01
  -7.3956427e-02
   2.1686135e+00
  -7.0328730e-01
  -1.8306649e+00
   1.1609613e+00
   1.1991055e+00
   2.2533422e-01
  -1.1721152e+00
   2.3130848e-01
   9.1291431e-01
  -1.3866188e+00
  -1.6256286e-01
   8.8864514e-01
  -5.5098047e-01
  -6.8888632e-01
   2.9465350e-01
  -4.3480355e-01
  -9.2462320e-01
  -1.4310312e+00
  -1.6064951e+00
   1.3929291e+00
  -1.1551356e+00
  -3.7757792e-01
  -3.3734343e-01
   1.1432227e-01
   5.7091627e-01
  -1.0287878e+00
   4.4641409e-02
   2.0821732e+00
  -9.2170517e-01
  -3.0441819e-01
  -5.6456814e-01
  -1.5714058e-01
  -2.6879458e-01
   4.7607640e-01
  -4.3730219e-01
  -6.8752925e-01
   2.6559201e+00
  -1.0646451e+00
  -3.6165752e-01
  -1.6853242e+00
  -5.0022696e-01
   5.2839239e-01
   3.2944895e-01
   6.9249427e-02
  -2.2051095e-02
   1.8612654e+00
   4.2673080e-01
   6.5001233e-01
   6.6571847e-01
   1.5749389e-01
  -1.7046487e+00
  -5.4127703e-01
  -1.9347069e+00
  -1.4879433e+00
  -6.7857963e-01
  -7.3653541e-01
  -6.8046892e-01
   2.6986697e-01
   4.4737663e-01
  -4.4621539e-01
   6.3406939e-01
   1.2556373e+00
   4.2829650e-01
   3.3294340e-01
  -3.0572963e-01
  -4.9039623e-01
   1.0379842e+00
   1.5653275e-01
   5.2011581e-01
  -1.0268518e+00
   1.6280871e+00
  -7.7908434e-01
  -1.6353167e+00
  -4.8366253e-01
   3.7410325e-01
   7.8021018e-01
   4.0024935e-01
  -3.5091662e-02
  -1.0213089e+00
  -7.0452252e-01
  -1.7711636e+00
  -9.5768917e-01
   1.0641346e-01
   9.4683450e-01
  -2.1583141e-02
   4.3350109e-01
  -1.3399662e-02
  -1.0208940e+00
  -1.5966007e+00
   8.4018391e-01
  -1.0266273e+00
  -3.5189569e-01
  -7.8620136e-02
  -1.0166433e-01
  -4.7042371e-01
   1.5514396e+00
  -5.1871139e-01
   8.2868880e-01
   1.1578062e-01
   1.8932453e+00
   2.3966904e-01
   3.6101801e-01
   1.1191320e+00
   1.3699979e+00
  -5.5772333e-01
   5.3276929e-01
  -3.1187279e-01
  -2.0575058e+00
   4.7414583e-02
   2.4293034e+00
  -1.6980697e-01
   1.1603734e-02
   8.2809478e-01
   6.6621189e-01
  -6.4553594e-01
  -3.5588847e-01
  -8.2257760e-01
  -5.7111519e-01
   2.1198324e+00
  -1.1183027e+00
  -8.4935476e-01
   1.1904247e-01
   1.3275377e+00
  -1.6281331e+00
  -7.7494528e-02
  -7.0261185e-02
  -5.9875246e-01
  -9.6761386e-01
   3.9414244e-01
   1.3447040e+00
   1.3416933e+00
   7.3859710e-01
  -2.3369546e-01
   1.4031179e+00
  -5.1222925e-02
  -1.0917617e+00
  -1.6731201e-01
   1.6449626e+00
   1.8835071e+00
  -7.7609555e-01
   7.4125879e-01
  -4.4267351e-01
   9.1496713e-01
  -4.0118352e-01
   6.5070466e-01
   1.2917153e+00
   2.7202708e+00
  -1.4958276e-01
   5.3076739e-01
  -2.7012530e-01
  -3.3974672e-02
   1.6559648e+00
  -2.7950262e+00
   1.4919931e+00
  -1.4710446e+00
  -1.7225828e+00
  -7.7826235e-01
   8.8305744e-02
  -1.0388718e+00
   2.4285671e-01
  -5.1904793e-01
   7.5090283e-02
   6.6554827e-01
   7.0571044e-02
   1.6563625e+00
  -4.0630274e-01
  -1.1564974e+00
   6.0679446e-01
  -3.6591871e-01
   2.4042617e-01
   3.6617691e-01
   2.9181305e-01
  -5.7118040e-01
   8.1016159e-01
   4.3744342e-01
   5.5450677e-01
   7.1948969e-01
   4.1188424e-01
  -1.1011808e+00
  -1.5435999e+00
  -3.5878401e-01
   1.9784199e+00
  -1.3399617e+00
   3.7970770e-01
   8.1904231e-01
   1.1134739e+00
   1.1029875e+00
  -1.5940579e-01
  -1.7280731e-01
   3.3635509e-01
  -5.4064998e-01
  -4.9680028e-01
  -7.5517364e-01
   1.0166487e+00
   2.0649621e+00
   6.8966753e-01
  -4.9886035e-03
  -9.2521214e-01
   5.8398739e-01
   6.4146156e-01
   7.0230895e-01
  -1.0202481e+00
  -8.2117768e-01
  -4.7234311e-01
   3.5421815e-01
   1.3323203e+00
   4.8889952e-01
   1.0782081e+00
   2.1245108e+00
   5.9114151e-01
  -1.9875362e-01
  -7.5249040e-01
  -1.8889905e-01
   1.5930390e-01
   2.5268721e-01
  -2.4811333e-01
   3.4480366e-01
  -1.1812190e+00
  -9.9387462e-01
  -1.5468981e+00
  -8.1336350e-01
   3.0465885e-01
   8.6968764e-01
   4.5460842e-01
   2.3941213e-01
  -8.9827953e-01
  -3.9329454e-01
  -1.2320027e+00
  -1.2993597e+00
   1.9891530e-01
   2.3303726e+00
  -1.1989897e-01
  -2.7708519e-02
  -1.6279959e+00
   2.9313733e-01
   5.4770384e-01
   9.0669228e-01
  -1.4071752e+00
  -2.4923579e-01
   3.5907732e-01
  -9.5629413e-01
   1.4108801e+00
  -1.0666726e+00
  -2.1350662e-01
   4.0144205e-01
   8.1367367e-02
   6.9747799e-01
   4.1553262e-01
   5.6649777e-01
   1.1169521e+00
  -4.9102257e-01
  -6.6302288e-01
   1.4966477e+00
  -6.2326092e-01
   1.2463857e+00
   3.3554876e-01
  -1.4085706e+00
  -1.1513918e+00
  -4.6216025e-01
  -8.5429817e-01
   4.7761203e-01
  -1.0860462e+00
  -1.6155183e+00
  -1.3406364e+00
  -6.1249812e-01
  -1.2461511e+00
  -7.9538975e-01
  -3.1666703e-01
   9.9646814e-01
  -1.5750100e+00
  -2.0557129e+00
  -8.5074264e-01
   4.2459173e-01
   3.4394965e-01
  -1.3456978e+00
  -9.0019007e-01
  -1.0758999e+00
  -9.8248532e-01
  -3.6778463e-01
  -1.6919745e+00
  -1.4675665e+00
  -2.3682243e+00
   9.6489205e-01
   4.9749656e-01
   3.9746135e-02
  -1.3426839e+00
   2.4444039e-01
  -2.9379160e-01
   4.7411370e-01
   1.3774223e+00
  -5.3431974e-02
   7.8844808e-01
  -5.1409772e-01
   6.3630032e-01
  -5.9359155e-01
  -1.6237647e-01
   3.0342255e-01
   5.4160613e-01
   3.9125690e-01
   1.7925554e+00
   6.6715951e-01
   3.5136264e-01
   8.7765047e-01
  -6.0416144e-01
  -2.6825470e-01
  -1.0554269e+00
   1.8121911e-02
  -6.4398133e-01
  -7.5102262e-01
   8.8602292e-01
   9.7406700e-01
  -7.4256860e-01
   3.0959969e-01
   6.9071185e-01
   4.2976153e-01
   6.1970879e-02
   8.1767206e-01
   1.3885805e+00
   1.2408362e+00
   1.9411558e+00
  -1.0614670e+00
  -1.4910746e+00
  -3.6965475e-01
  -2.5100268e+00
  -1.1535536e+00
  -1.4348715e+00
   1.1290840e+00
   3.1301947e-01
  -3.7514023e-01
   8.4534613e-01
   3.2700978e-01
  -2.7194169e-01
  -2.8220307e-01
  -1.2192590e+00
  -1.4690066e+00
   6.1948120e-01
  -2.6590099e-01
   7.6747339e-01
  -4.1005899e-01
  -3.3483981e-01
   8.6612338e-02
  -8.1126217e-01
  -2.4072262e+00
   1.3195129e+00
  -1.5234479e-01
   1.9948023e+00
   5.5560901e-01
   1.2066811e+00
  -3.7715676e-01
   1.0027733e+00
  -4.0168402e-03
  -1.6899859e+00
   4.3481806e-01
  -1.3898263e+00
  -1.5052286e+00
  -2.1732060e+00
  -7.9511339e-01
  -8.4006217e-01
   2.1186124e-01
  -2.2694568e-01
  -1.3955138e+00
  -3.6386774e-01
  -1.0253938e+00
  -4.0318830e-01
  -1.0030581e+00
  -1.2381667e+00
  -1.3327912e+00
  -5.2467153e-01
  -4.5256331e-01
  -1.2468727e+00
   1.7958570e+00
  -4.8405496e-01
   1.8841045e+00
   1.6278763e-01
   9.6257577e-01
   1.1304044e+00
   2.7577373e-01
   1.2423373e+00
  -1.4278682e+00
   1.7417917e+00
  -3.7678810e-01
  -8.4261686e-01
  -1.0413805e+00
  -9.7242488e-01
   1.5796853e+00
   1.9801825e-02
   7.0608396e-01
   9.8103630e-01
   1.1235256e+00
   5.8652305e-01
  -1.1568267e+00
   2.8782698e-01
  -9.1868703e-01
   8.1498832e-01
   7.3452359e-01
  -3.1992234e-01
  -1.4702764e+00
   6.0614265e-01
  -1.6601029e-01
   9.9108082e-01
   2.8406535e-01
  -8.4095387e-01
  -7.9311533e-01
  -1.3065225e+00
  -1.3403422e-01
  -1.6167829e+00
  -1.1900564e+00
   4.3069987e-01
  -7.0280825e-01
   1.6698119e+00
   2.1330684e+00
  -1.0480679e+00
  -1.8498730e+00
  -5.0272656e-01
  -4.2215245e-02
   5.1366987e-01
   2.0882867e-01
   8.2048250e-01
   3.7271592e-01
   9.1803429e-01
   2.4031422e-01
   1.4335060e-01
  -1.4090962e-02
  -1.5627420e+00
   8.8263342e-01
   1.4526393e+00
  -1.3275070e+00
   5.9331967e-01
  -1.0621816e+00
   1.5066887e-01
   2.1268897e+00
  -1.7629881e-01
  -1.8089629e+00
   5.5640911e-02
   1.0876384e+00
  -7.0355405e-01
  -5.0182205e-01
   3.8359497e-01
   4.7492153e-02
  -7.5355405e-01
   1.5527409e-01
   7.0954774e-01
   8.7756898e-01
  -1.0842071e+00
  -1.0626412e-02
   2.4452605e+00
  -9.8945692e-01
   8.1574769e-01
   4.8577690e-01
  -8.0713429e-01
   4.1043871e-01
   7.1921298e-01
  -6.8686318e-01
   1.0310540e+00
   1.4572340e+00
   5.8942588e-01
   6.3470061e-01
  -3.9359240e-01
  -9.8014643e-01
   1.7853561e+00
  -5.5735235e-01
  -4.6180573e-01
  -5.9525181e-01
   2.0604581e+00
   2.1383493e+00
  -4.7256575e-01
  -1.9602694e-01
  -1.0459067e+00
   1.4721884e+00
   5.8596620e-01
   9.5404858e-01
   1.1508739e+00
  -2.7544102e-02
  -1.1222524e-01
  -2.2566985e-01
  -9.8212094e-02
  -5.0292350e-01
   3.2577963e-02
  -9.9196544e-01
   8.2697152e-01
   2.6910681e-01
   3.2971140e-01
   7.0951570e-01
   4.7524694e-01
   8.4942533e-01
   2.5462124e+00
   2.0241160e-01
   1.4815333e-01
  -1.5272779e+00
  -7.7524487e-01
   1.5076721e-01
  -1.7348452e+00
   2.0972513e+00
  -7.2416824e-01
   8.1023116e-01
  -6.7222895e-01
  -2.4386678e-01
  -1.0203714e+00
  -7.2642126e-01
  -3.2043047e-01
  -1.2754924e+00
  -1.0320610e+00
   7.9215148e-01
   2.1297594e-01
   5.8684088e-01
  -7.1428610e-01
   1.2020243e+00
   2.4098796e-01
   5.7705840e-01
  -1.6837391e-01
  -5.9538450e-01
   1.3729956e+00
  -1.0008033e+00
   6.4942195e-01
   3.3069395e-02
  -1.3292189e+00
  -7.7147397e-01
   5.4326426e-01
   1.9403073e-01
   6.8147334e-01
  -4.6137222e-01
   2.1891643e+00
   1.2702138e+00
   6.4781650e-01
  -9.1709338e-01
   5.4796630e-01
  -1.4879879e+00
  -1.0661699e+00
  -6.9285034e-01
   1.0424113e+00
   1.6043030e+00
  -2.2422693e-01
  -2.0712631e-01
   8.9597268e-01
  -2.8422268e-02
  -4.9489484e-01
  -1.1743816e+00
   7.0215936e-01
   2.3479321e+00
   3.4632367e-02
   5.7732715e-01
   1.6541044e+00
   1.5716736e-01
  -1.1242892e+00
   1.1235375e+00
  -1.0265380e+00
   7.4385137e-01
  -7.9190662e-01
   5.8614755e-01
  -1.3497708e+00
   4.5321779e-01
  -5.6070677e-01
   1.8497662e+00
   9.4401439e-01
   9.6216158e-01
   1.0902101e+00
  -1.6865281e+00
  -5.8120122e-01
  -9.3424874e-01
  -1.4698845e+00
   2.6225568e+00
  -2.1250270e+00
  -9.1547871e-01
   2.5693441e+00
  -3.4450274e-01
  -1.8946317e-01
  -8.9424549e-02
   7.7849726e-02
   1.8565394e-01
  -1.2052596e+00
   1.0034919e+00
  -2.6653252e-01
  -2.2616294e+00
  -1.5678789e+00
  -2.0557886e-01
   4.8326325e-01
   3.7191412e-01
   2.6265021e-01
   1.4446043e-01
  -1.1511885e+00
  -9.9459653e-01
   5.4269596e-01
   4.0674822e-01
  -9.5273985e-02
  -1.2248404e-03
  -1.0947068e+00
   9.9721455e-01
   6.3798327e-01
  -1.3555329e+00
   9.2236803e-01
  -1.8151770e-01
   7.6412471e-02
  -7.9293379e-01
  -1.0501537e+00
  -1.0378552e-01
   1.6057022e+00
  -9.2842851e-02
   5.1486207e-01
  -8.2115120e-01
  -8.9170071e-01
  -1.1764179e+00
   5.6764708e-01
  -1.9717035e-02
  -1.1601174e-01
   4.2815331e-01
  -2.0248188e+00
  -1.8342339e-01
  -1.3207590e+00
  -9.8261631e-01
   1.2157613e+00
  -4.6397930e-01
   1.1725630e+00
   1.9009692e+00
   8.5762192e-01
   7.8841021e-01
   4.3441257e-01
  -9.7139432e-01
   5.3765702e-01
  -8.3919100e-01
  -3.8866010e-01
   3.5528325e-01
   7.0979998e-01
   1.0694859e+00
   1.7441319e-01
   2.3291643e-01
  -3.3907414e-01
   4.0100344e-01
   7.6097836e-02
   2.4851647e+00
  -1.6275601e-01
   6.3597404e-01
  -7.5290202e-01
  -1.4044958e+00
  -5.5665592e-01
  -6.8911839e-02
  -1.1616040e-01
   3.5030595e-01
   4.1006451e-01
   6.9330758e-01
  -1.6899825e+00
  -1.9154674e+00
  -8.3528640e-01
  -7.5408791e-01
   9.8037072e-01
   8.0513035e-01
   8.4914963e-02
  -2.6476998e-01
  -9.9443164e-02
  -2.0750492e+00
  -7.5609506e-01
  -4.0595046e-01
   6.3811244e-01
  -3.7791446e-01
   1.5563582e+00
  -4.3631137e-01
  -4.1031047e-01
  -1.0183093e+00
  -1.3275648e-01
  -1.2884984e+00
   4.2411338e-01
   5.1885255e-01
   5.8899329e-01
   7.4152338e-01
  -3.3187232e-01
  -4.1272083e-01
   6.8201616e-01
  -3.7238956e-02
  -5.0146579e-02
  -4.0670574e-02
  -2.9336075e-01
   2.3075524e+00
   1.2752149e+00
  -1.3227866e+00
   8.1493461e-01
   1.5383719e+00
  -7.0976311e-01
   2.5573995e+00
   2.5425748e+00
   7.4310224e-01
   1.4867746e+00
   6.9898254e-01
  -2.1424930e+00
   1.6510036e+00
   1.6525755e+00
  -7.4436174e-01
   7.6513762e-01
  -8.4553135e-01
  -1.4650160e+00
  -2.7406734e-01
   7.0623005e-01
   6.9461898e-01
   6.7753465e-01
  -2.6922089e-01
   3.8576341e-01
  -6.4767930e-01
   6.8178974e-01
  -3.1740192e-01
  -1.3029950e-01
   7.4455863e-01
  -4.4581943e-01
   2.5037224e-01
  -7.1238130e-01
  -7.9088552e-01
   1.1841299e-01
  -3.5961735e-01
  -1.0530882e+00
   5.9544930e-01
  -1.0286009e+00
   4.7699378e-01
   2.6603788e-01
   2.4908818e-01
   5.7759103e-01
   3.9386371e-01
   5.3032259e-01
   4.4618627e-01
  -1.1798432e+00
   1.5685857e-01
  -7.6377423e-01
  -6.4351406e-01
  -2.9162189e-01
  -9.5403223e-01
   2.1209245e+00
   7.4574251e-01
  -8.8650755e-01
   5.3955891e-01
   6.2136603e-01
   1.1995058e-01
  -2.8206139e-01
   8.6373379e-01
  -8.7581265e-01
   2.7308312e-01
   6.1649934e-01
  -9.2930673e-01
   8.0296839e-01
   5.0673919e-02
   7.9518799e-02
  -9.3511643e-01
  -2.6061675e-01
   4.0293840e-02
   8.0965491e-01
   1.4317203e-01
  -7.1958150e-01
  -1.9425089e+00
  -9.2698791e-01
  -7.3287247e-01
   1.0628687e+00
  -1.0333797e+00
  -2.6668732e-01
   6.7534038e-01
  -1.3692708e+00
  -3.5791146e-01
  -5.9594557e-01
  -2.1968280e+00
   4.6962539e-01
  -2.0921526e-01
  -1.4970009e+00
   4.2421225e-02
  -1.1176573e+00
  -9.9706218e-01
  -1.1493640e+00
   7.7669906e-02
  -1.4149071e+00
   2.5738435e+00
  -1.0470096e+00
   3.1801678e-01
   1.0191334e+00
  -1.6587603e+00
   1.5175536e+00
   1.1927102e+00
   3.9322920e-01
  -5.5466208e-01
  -1.1976964e-01
  -4.7960255e-01
   5.8219705e-02
  -1.5868805e-01
   1.0079159e+00
   5.8002611e-01
  -3.0153621e+00
  -1.7553582e-02
   5.3252114e-01
   3.1343659e-01
   6.3662614e-02
   2.2142552e+00
   3.9745296e-01
  -9.2877133e-01
   1.2555638e+00
  -8.1725734e-01
   1.2872404e+00
   1.0899769e+00
  -7.9898192e-01
  -2.1640671e+00
  -3.7758524e-01
   1.8392772e+00
  -5.8610689e-01
  -5.5197941e-01
   5.5624453e-01
  -1.3489503e+00
   1.7313833e+00
   2.6067899e-01
  -1.2714478e-01
   9.3576164e-02
   6.5456360e-02
   1.8170308e+00
   1.0043859e+00
  -1.2873305e+00
  -7.6536056e-01
  -6.2579280e-01
  -5.0647828e-01
  -1.4069360e+00
   3.9369213e-01
  -1.1972599e+00
  -1.6373915e-01
   5.0809692e-01
   9.3634177e-01
   1.9599105e+00
   9.2787281e-01
   1.4320443e+00
  -1.0992521e+00
  -1.7928332e-01
  -6.9274522e-02
  -4.5861803e-01
   5.1453031e-01
  -1.2555160e-01
  -8.7962565e-01
   1.4177216e-01
  -2.3920593e-01
  -1.2476459e+00
   1.3222887e-01
  -8.8470989e-01
  -5.1497084e-01
  -6.1783588e-01
  -1.7626495e-01
  -2.3621292e-01
   2.3954239e-01
   8.2811377e-01
  -8.2986609e-01
   1.6357290e-01
   2.7916559e-01
  -1.5796456e+00
   1.1426134e+00
  -8.5253642e-01
   5.1487260e-01
  -8.7087459e-01
   1.2506903e+00
   1.7982557e+00
  -3.6989446e-02
   1.5321449e+00
   4.2978754e-01
   3.7051515e-01
   3.8211992e-01
  -1.4728703e+00
  -4.3289484e-01
  -2.5949911e-01
   2.5428409e+00
   5.3188528e-01
  -1.0722836e+00
  -4.1897867e-01
  -1.9246117e+00
  -1.3679915e+00
   1.6104209e-01
  -1.3382823e-01
  -3.4276087e-01
  -2.4268117e+00
   9.8504178e-01
  -3.2209031e-01
   2.7544304e-01
  -3.8156758e-01
  -5.0499642e-01
  -1.3536165e-01
  -4.7876052e-01
   2.0216184e+00
   1.3467905e+00
  -2.0420452e+00
  -7.2166109e-01
   1.2942713e+00
  -1.3339334e-02
  -2.0595740e+00
   1.1674548e+00
   2.6023980e-01
   6.1319796e-01
   1.9376678e+00
   8.3137230e-02
  -1.3470455e+00
   4.0537052e-01
   3.7517085e-01
   8.7303187e-01
   8.6252362e-01
   6.6562491e-01
   5.3214360e-01
   2.0440159e-01
   1.2317325e+00
   1.1814530e+00
   1.4503010e+00
   2.1700684e-01
  -7.4594835e-01
