  -2.6539822e-02
   4.7519280e-01
   2.2891420e-01
  -5.8804831e-01
   2.3936866e-01
   3.5589884e-02
  -6.6281926e-01
   1.0931369e-01
   6.6613361e-01
  -5.9695370e-01
   4.2327470e-01
   4.2609743e-01
  -7.8792983e-02
  -2.8077883e-01
  -4.9568505e-01
  -8.1021797e-01
   5.3842409e-01
   8.6799787e-02
   2.1566257e-01
  -2.2536934e-01
   3.0792931e-01
  -1.2335973e-01
  -4.7224057e-01
  -3.4907852e-01
   8.2610692e-02
  -3.6204701e-01
   2.6044516e-01
   1.0128268e-01
   6.8488625e-01
  -3.3714268e-01
  -6.7929105e-01
   5.1679649e-01
   2.8382870e-01
   6.6224268e-02
  -1.5553827e-01
   2.8875536e-01
   3.4360506e-01
   7.7675268e-01
  -4.4174114e-01
   7.3534941e-02
   1.0056248e+00
   2.3269713e-01
  -2.3377281e-01
   1.0250086e-01
  -4.4979948e-01
   1.9417597e-01
   3.5629869e-01
   5.0966119e-01
  -8.1722782e-01
  -1.2855759e-01
   3.3329600e-01
   2.4432797e-01
  -6.0406265e-01
  -4.8286600e-01
  -7.2725375e-01
  -3.9104534e-01
   9.2522558e-02
  -5.9549002e-01
   2.2475434e-01
  -4.6043395e-01
   1.7670861e-01
   2.8447885e-01
   3.5251644e-01
   5.7350433e-02
   6.8794485e-01
  -6.5622869e-01
   2.7133993e-01
  -9.3121382e-01
   3.3969585e-01
   5.3032599e-01
  -2.2133390e-01
  -4.1408078e-02
   4.6590752e-01
  -3.1908838e-01
  -7.4066885e-01
  -1.1322902e-01
  -8.0774620e-01
  -6.8563464e-02
  -3.1535796e-01
  -2.7361250e-01
  -3.7338145e-02
   3.1114653e-01
  -3.3446397e-01
   1.0187634e-01
   6.5976241e-01
   4.2514893e-01
  -2.6156727e-01
   6.3799781e-02
  -5.5748994e-01
  -3.6647318e-02
  -1.1667427e+00
   7.8572182e-01
   7.8314341e-01
   2.2112721e-01
   3.1868322e-01
   3.6155290e-01
  -9.6802299e-01
   1.9534372e+00
   2.7532497e-01
   4.5300003e-01
   4.0018704e-02
   6.5485775e-01
  -4.8846659e-01
  -8.9738673e-01
   4.8530316e-01
   6.7803868e-01
   3.1994624e-01
   2.5192334e-01
  -3.6137317e-01
   1.1177030e-01
  -2.9943656e-01
  -6.8323967e-01
   2.9255109e-01
  -9.8123410e-01
   2.7429375e-01
  -2.0950811e-01
   3.4700834e-01
  -1.9482427e-02
   3.8484936e-01
  -2.2674356e-02
  -1.3413288e-01
  -1.4916344e-01
  -6.4347115e-01
  -9.0978945e-01
  -1.3385110e-01
  -1.7928610e-01
   9.7865837e-01
   2.8206469e-01
  -3.6264128e-01
   2.6236207e-01
   1.7098233e-01
   1.5686259e-01
  -2.0574871e-02
  -5.1920591e-01
   8.8822713e-01
  -6.0195556e-02
  -3.8136529e-01
   3.1513517e-01
   6.9618932e-01
  -1.0258117e-01
  -2.8155399e-01
  -3.9254595e-04
  -6.7458877e-01
  -2.9691728e-01
   3.4954589e-01
   5.7855545e-01
  -1.1651105e-01
   6.0613524e-02
  -3.9739338e-01
  -1.0517410e-01
  -9.6362332e-02
  -2.3388044e-01
   1.3395208e-01
  -1.0398865e+00
  -6.3485427e-01
   2.8874573e-01
   2.0479148e-01
  -2.5294118e-02
  -2.1052651e-01
  -2.1037217e-01
   7.9390570e-01
   5.7550324e-01
  -2.5714705e-01
  -6.3230554e-01
  -1.0576910e+00
   8.5492209e-02
   5.7590728e-02
  -1.9863621e-01
   3.0228831e-01
  -1.6250542e-02
   3.5844419e-01
  -1.9785835e-01
   6.4675829e-01
  -2.7970820e-02
   3.8535858e-01
  -1.1003242e-01
   5.5323221e-01
   3.4632265e-01
  -9.1329929e-01
   3.8305214e-02
  -1.4819068e-01
  -1.2507148e-01
  -3.6184539e-01
  -1.3706138e-01
  -2.1165702e-01
   1.4201659e-01
   5.6059721e-01
  -1.2807577e+00
  -1.6312531e-01
  -6.8743516e-01
  -2.7473945e-01
   3.8198221e-01
  -7.3714761e-01
   2.3664716e-01
  -1.7748162e-01
   5.0310252e-01
   1.8865411e-01
  -8.5295887e-01
   5.3999172e-01
   2.7418993e-01
   5.4901336e-01
   2.1645431e-01
  -3.2390774e-01
  -4.5172908e-02
   5.9198171e-02
   5.6370296e-01
  -6.1331749e-01
   2.9781168e-02
   2.8344897e-01
  -3.2797457e-01
   6.4518433e-03
   1.5127684e+00
   2.5234395e-01
  -5.0548003e-01
  -2.7603277e-01
  -6.2225244e-02
  -5.1371103e-01
   6.1473192e-01
  -3.1592870e-01
   5.0051615e-02
  -2.4515213e-01
  -3.8996532e-01
   6.5823558e-01
  -2.6820676e-02
   4.5482591e-02
  -1.9254204e-01
   1.3184102e+00
  -3.3209099e-01
  -5.1776721e-01
  -5.3643942e-01
   6.0401570e-02
  -3.9604351e-01
  -3.6279304e-01
  -3.0783884e-01
   9.0637897e-01
  -8.6444358e-01
  -1.1946529e+00
   2.5462388e-01
  -4.6628242e-01
  -5.4992038e-01
  -3.6257776e-01
   5.9868823e-02
  -3.3273108e-01
  -1.3663716e-01
   2.9656120e-01
  -3.9383111e-01
  -2.6853643e-01
   5.8828394e-01
  -6.1164788e-01
  -3.5101211e-01
   5.5957770e-01
   1.8568360e-01
   6.2683981e-01
   4.6739927e-02
   3.2828122e-01
  -2.6253284e-01
   5.2005399e-01
   3.5987270e-01
  -1.2433235e-01
   1.8055028e-01
   8.3658858e-01
   1.0544419e+00
  -7.7829177e-01
   3.8662183e-01
  -2.7276298e-01
  -3.1954646e-01
   5.8381707e-01
   3.8108905e-01
  -7.1637927e-01
  -9.8826960e-02
   5.2487295e-01
   3.8896635e-01
   1.1555746e-01
   4.9005699e-01
  -1.2945446e+00
  -3.2859086e-01
   1.9388518e-01
  -2.2922738e-01
  -5.1723311e-01
   1.1801830e-01
  -4.1203064e-01
   1.0686482e+00
   2.8340765e-01
  -6.7357524e-01
  -1.9988429e-01
  -9.0820421e-02
  -4.3264316e-01
  -6.9455756e-01
   2.6430987e-01
   2.7747867e-01
  -6.4124179e-01
   5.7362403e-01
   9.0099044e-01
   5.2035568e-02
  -1.3110330e-01
   1.4088109e-01
   9.6984255e-01
   2.5534926e-01
  -3.9954756e-01
  -1.6283236e-01
  -3.0452770e-01
   6.7839648e-01
  -7.2023896e-02
   6.6423076e-01
  -9.1646260e-02
  -5.3289630e-01
   5.3310154e-01
  -2.2285064e-02
   5.1321573e-01
   6.2855467e-01
   4.4124245e-01
  -1.9695973e-01
   3.7135983e-01
   4.5900208e-01
  -3.7552266e-01
   1.6441474e-01
   6.8714450e-01
  -1.3330529e-01
  -7.6584870e-01
   2.8454011e-01
  -3.9567919e-01
   8.0612704e-01
  -6.6832553e-02
   5.8439076e-01
   8.1123298e-01
  -9.4107636e-01
   5.3742504e-01
  -7.3009367e-01
  -4.0199595e-01
  -6.5767502e-01
   1.0963424e-01
   8.5189732e-02
   1.0095047e+00
   3.7451333e-01
   5.5174062e-01
  -4.8597018e-02
  -9.0021689e-01
  -9.8402516e-01
  -2.5663811e-01
  -2.5321108e-01
  -4.2586602e-01
  -4.0464392e-01
  -1.2229633e-02
   4.2001054e-02
   3.8561966e-01
   9.2995695e-03
   1.7589192e-01
   2.2166688e-01
   3.1798038e-01
  -2.1629434e-01
   5.5250593e-01
  -1.0371310e-01
  -7.6550220e-01
  -1.4486625e-01
  -3.4545116e-01
  -7.3455400e-01
   4.9038114e-01
  -1.3806026e-01
  -1.5381170e-01
   7.2078185e-03
   7.9579652e-01
   5.6321268e-01
   6.4415486e-01
   5.4760588e-01
   1.1004942e+00
  -3.8451122e-01
   3.7992762e-01
   4.6917302e-02
  -1.4348597e+00
   7.2205637e-01
  -1.8322616e-01
   2.9578612e-01
  -6.4938146e-01
  -6.1278051e-01
  -1.1336157e-01
  -8.9333254e-02
   2.8619551e-01
  -3.5970223e-01
  -1.3334186e+00
  -1.3683137e-01
   2.0847076e-01
   2.5382692e-01
  -6.9535736e-01
  -2.3610075e-01
  -4.1581848e-01
   4.0392029e-01
  -3.7515908e-01
   1.4459566e-01
   8.4938250e-02
  -3.7097014e-01
  -6.3664128e-01
   3.6769995e-01
   4.2918102e-01
  -1.1423723e+00
   4.4795646e-01
   4.9776941e-01
   1.7394640e-01
   9.3156442e-01
   5.0292146e-01
   1.4921787e-01
   7.8651942e-01
  -6.1280827e-01
  -3.7135463e-01
  -6.2544834e-01
   6.7370536e-01
  -2.0576778e-01
  -5.3145501e-01
   4.3512845e-01
   6.2897943e-01
  -2.9124196e-01
   6.6484605e-01
   3.3828965e-01
   1.6183894e-01
   1.7650448e-02
  -9.0629301e-01
   7.3351718e-01
   5.3898746e-01
   6.8103194e-02
  -7.4216563e-02
   1.2146792e-01
  -6.4221989e-01
   5.0466204e-01
  -3.8808078e-01
  -9.7713249e-02
  -6.6268686e-01
  -2.5903958e-01
  -1.7994493e-01
  -1.1751448e+00
  -3.0999635e-01
  -4.3533985e-01
  -1.6934247e-02
   2.4858452e-01
  -9.2581944e-02
  -4.3088869e-01
  -5.6258716e-01
  -1.0605375e+00
  -5.0088953e-02
  -2.3822310e-01
  -8.8105239e-02
  -3.3693264e-01
  -5.1334880e-02
   5.6768425e-01
  -5.4621702e-01
   7.3480209e-01
  -3.6341440e-01
   3.4332459e-01
   6.6279752e-02
   4.4494184e-01
  -3.3220747e-01
  -4.6717887e-01
   1.9118161e-01
  -7.6596735e-01
  -4.4597717e-01
  -5.4301551e-01
   9.9997401e-01
  -6.7567426e-02
  -3.1659968e-01
   1.5249222e-02
   6.6736122e-02
   4.4645389e-02
   1.1438433e+00
  -5.2403592e-01
   6.7146456e-02
  -6.5638528e-02
   1.0569296e-01
   5.1038093e-02
  -7.8641273e-02
  -1.1311277e+00
   1.1003527e+00
   1.8018987e-01
   8.6074774e-01
  -3.5416189e-03
  -3.5184928e-02
  -1.5041513e-01
   1.0159104e+00
  -2.5365614e-01
   5.9228216e-01
  -7.3828428e-01
  -1.1017374e+00
   3.7158054e-01
  -3.1321723e-01
   4.1501323e-01
  -3.8717137e-01
  -1.7137069e-01
  -1.5740605e-01
   1.5854143e-01
  -4.9268313e-01
   9.5385563e-01
  -3.1179480e-01
   1.1991509e-01
   5.0475875e-01
   2.2414159e-01
  -7.9388435e-01
   6.4094496e-02
   4.6165430e-01
   2.5180877e-01
  -2.8413738e-01
   5.3998927e-02
   3.1179003e-01
   2.3592508e-01
   8.6961776e-01
   5.9843493e-01
  -1.8299502e-01
  -6.8666110e-01
  -6.1644737e-01
   1.3926669e-01
   6.5104060e-01
  -6.1962373e-01
   3.8818430e-01
   9.5491613e-02
   4.5158471e-01
  -3.1189310e-01
   2.4539831e-01
   2.2838803e-01
  -6.6107305e-01
  -9.5756769e-02
  -3.4838129e-01
  -3.7901548e-01
  -3.6658641e-01
  -2.7121378e-01
   1.4290180e-01
   3.1784158e-01
  -1.1020424e-01
   5.9531759e-02
  -2.3758060e-02
   2.0081839e-01
   3.7664946e-01
  -1.0021020e+00
   1.0633558e-01
  -8.7896315e-01
   2.4772090e-01
   4.6315851e-01
  -4.6369146e-01
  -9.1018146e-01
   4.7617700e-01
   6.4279630e-01
  -2.6110756e-02
   3.6556366e-01
  -4.3253463e-01
  -2.6851432e-01
   1.0676806e+00
  -8.1928767e-01
  -1.6245536e-01
  -1.9769918e-01
  -6.6785985e-04
   1.1074575e-01
   3.8473262e-01
   4.8365137e-01
  -5.5329258e-01
  -8.5341021e-01
   1.2088947e-02
   5.2955135e-01
  -1.8424678e-01
  -6.8191723e-02
  -3.9333970e-01
   2.0555509e-01
  -3.6008514e-02
   2.6162800e-01
  -6.5106327e-02
  -5.7177102e-01
   1.0552624e+00
  -5.1149607e-01
   1.6381213e-01
   3.2958349e-01
   1.2394013e-01
  -2.6964902e-01
   1.3500917e-01
   3.6983125e-01
   2.2631515e-01
   3.9839401e-01
   7.4479435e-01
   4.2318631e-02
   1.0953488e-01
   1.3159388e-01
   3.2792113e-01
   4.4334407e-01
   4.9844765e-01
  -7.2938418e-01
   5.9455216e-01
   3.0026278e-02
  -8.5072816e-02
   5.0287362e-01
  -1.9863846e-02
   8.0100129e-01
  -7.3827711e-01
   1.8051150e-01
   1.5377133e-01
  -5.1196190e-02
  -2.9235384e-01
  -7.5828022e-02
   5.7314467e-01
  -1.0386969e-01
   2.7606288e-02
   7.3657177e-01
   6.7489976e-01
  -9.7021655e-01
   3.0464055e-01
  -1.8487806e-01
  -2.4078755e-02
   6.5913983e-01
  -3.7490359e-01
   7.0615341e-01
   2.9469103e-01
   1.0092945e-01
   3.5221675e-01
   3.8694976e-01
  -8.8473841e-02
   1.4717299e-02
   7.6520602e-01
   1.2524404e+00
   1.2722865e-01
   3.8294871e-01
  -1.5391761e-01
   1.3847961e-01
   6.6070223e-02
   9.2126254e-01
  -4.5052520e-01
  -1.1245031e-01
   3.0481418e-01
  -7.3961840e-01
  -8.0645908e-02
  -3.2885913e-01
   1.7455044e-01
   7.5525332e-02
   3.1711890e-01
  -1.9243040e-01
  -1.3791478e-01
   5.9249375e-01
  -3.0835737e-01
   1.3295386e-01
   6.2329032e-01
  -9.7140370e-02
   4.6643808e-02
   6.2574880e-01
  -7.5963842e-01
  -4.0193865e-01
   1.1044361e+00
   8.0274821e-02
  -3.6246393e-01
   2.0003190e-01
   6.6083477e-01
  -6.8369506e-01
  -3.1614958e-01
   4.1733538e-01
   9.8104688e-01
  -4.3749554e-01
   3.1009536e-01
  -3.5742020e-01
  -1.0644127e+00
  -5.6091116e-01
  -3.8425932e-01
   4.9988471e-01
  -4.5524738e-01
  -9.3536716e-01
   2.6598010e-01
  -3.0343445e-01
  -6.5765225e-01
   7.0696397e-03
  -1.5971342e-01
  -8.8475358e-02
   5.3983844e-01
   5.1261241e-01
   6.8315354e-01
  -6.0601306e-02
   3.0485773e-01
   1.0146778e+00
   1.2891515e-01
   2.2299830e-01
   1.0509301e+00
   9.4130524e-01
   3.6035262e-02
  -2.4325273e-01
   5.6927532e-01
  -6.1794073e-02
  -3.5274541e-01
   4.3183065e-01
   1.5790939e-01
  -5.7294449e-01
   2.3007781e-01
   4.3366843e-01
   1.8171745e-01
   5.4936666e-01
  -3.6243772e-01
  -3.6144090e-01
  -2.5071667e-01
   1.0719883e+00
   4.8110569e-02
   5.4583183e-01
  -1.2267193e-01
  -9.0865832e-01
   4.4007152e-02
  -1.0214398e-01
   1.8289875e-01
  -3.5896032e-01
  -1.3464839e-01
  -5.5864990e-01
  -4.1978221e-01
   1.9473452e-01
  -2.8903081e-01
  -8.6013626e-02
  -5.9218700e-01
  -1.1707772e+00
   7.2363891e-01
  -2.7172119e-01
   1.3929637e-01
   2.7991156e-01
  -7.0408821e-01
  -5.0722978e-01
  -2.4940054e-01
   1.1574269e-02
  -1.7707012e-01
   4.3371093e-01
  -3.8960417e-01
  -2.6852627e-01
   9.6695660e-01
   6.0834924e-01
   2.5123618e-01
   2.1772341e-01
   1.5986533e-01
   3.4144629e-01
   3.7383144e-01
  -8.3495317e-01
   7.4665902e-02
   2.9659139e-01
   1.9317315e-01
  -5.3335879e-02
  -1.0212985e+00
   1.4622222e-01
  -1.1316516e-01
   4.6226164e-01
  -4.2882755e-02
   1.5327236e-01
   1.4863544e-01
  -3.3671137e-01
  -7.6509700e-01
   1.7992757e-01
  -6.4656045e-01
  -2.2154723e-01
   4.6073119e-01
   3.0781538e-01
   3.2655092e-01
  -2.8584891e-01
  -5.5819392e-01
   6.8402476e-01
  -1.3380012e-01
   4.6478938e-01
   5.4461763e-01
   3.9107054e-01
   4.0496809e-01
   6.0124975e-01
   3.0478462e-01
   4.2564570e-01
  -2.6482250e-01
  -1.6957308e-01
  -2.6790243e-01
   2.6009995e-01
   1.1703124e+00
  -5.8564653e-02
  -1.0088294e+00
   5.8227539e-01
   5.5703117e-01
  -7.0389059e-02
   2.8622400e-01
  -2.8358450e-01
   2.1452535e-01
  -1.0624794e+00
   2.1027390e-01
   9.1849386e-02
  -4.0003664e-01
  -2.0207741e-01
  -9.7255323e-02
  -1.6027551e-01
  -4.8852046e-01
  -1.2908907e-01
   2.3566096e-01
   8.9799567e-02
   7.1483135e-02
   1.3715671e-01
  -2.8789319e-01
   2.1972480e-01
  -4.5808265e-01
  -1.3434660e-01
   5.4962164e-01
  -1.0526410e-01
  -4.8147254e-02
  -2.6492447e-01
  -9.6525297e-02
  -1.2646783e-01
  -2.6576513e-01
  -4.2656757e-01
   1.0466655e-01
   4.6285567e-01
   3.0011967e-01
   5.2726354e-01
   3.0902119e-01
  -3.9299308e-01
  -2.2994929e-01
   4.9026081e-01
   1.5511153e-02
   6.2510813e-02
  -5.7672724e-02
   3.8948134e-01
   9.1858101e-01
  -2.1742488e-01
   1.0534963e+00
  -3.7654958e-01
  -2.3960333e-01
  -3.8345136e-01
   3.8999320e-01
  -7.8376735e-01
   1.0183404e-01
  -3.8619717e-01
  -1.5731804e-01
  -3.6684000e-01
  -9.3629952e-01
   2.0577036e-02
   1.6684349e-01
   5.2509844e-02
  -7.2484713e-01
   1.3375137e-01
  -2.1387503e-01
   2.3733177e-01
   2.9040691e-02
   5.7877047e-01
   6.4661705e-01
   2.2884230e-01
  -2.5790840e-01
   5.1836225e-02
  -3.1494253e-01
   1.0384886e+00
  -1.1839533e+00
  -1.1927857e+00
   2.0822956e-01
  -6.9787055e-01
  -2.2884461e-01
   2.7595929e-01
  -3.2381313e-01
   1.1112838e-01
   5.4872738e-01
  -3.2503920e-01
   3.6752161e-01
  -5.4600588e-01
   7.4168301e-01
  -4.8162599e-02
  -6.1859698e-01
   2.8700946e-01
   1.8962395e-01
   6.3691272e-01
   1.0403937e+00
  -4.7946780e-01
  -5.2008898e-01
  -1.0988290e+00
  -2.4020056e-01
   5.9380330e-02
   4.4225712e-01
  -1.1536358e+00
  -9.5376278e-01
   7.9749831e-01
   5.6537751e-01
  -4.2316667e-01
   7.0965033e-01
  -3.6120470e-01
   2.3786816e-01
  -2.2140046e-02
  -2.3159141e-01
   7.7152435e-01
  -1.6416387e-01
  -1.4757924e+00
  -3.9054106e-01
   5.3091598e-01
  -5.5220224e-01
  -3.2769402e-01
  -1.9128142e-01
  -3.3765020e-01
  -9.1010358e-01
   1.5505479e-01
  -4.2018846e-01
   1.9385647e-01
   2.1209528e-01
  -7.8224922e-02
   3.2155133e-01
   3.3547411e-01
   1.0728625e-01
   2.8559081e-01
   8.6505331e-01
   5.8417735e-01
   4.5316033e-01
   4.3230029e-01
  -3.6918346e-01
   9.1661726e-02
  -8.4293583e-02
   2.6806828e-01
   7.0198644e-02
   4.3991949e-01
  -2.4437847e-01
   1.3560661e+00
  -1.7151654e-01
   3.1037303e-01
   5.3164802e-01
   5.2105127e-03
   2.9956556e-01
   1.6149607e-01
   5.2800302e-01
   7.3252064e-01
  -3.1684724e-01
   3.1642263e-02
  -3.4160928e-01
  -3.7185898e-01
  -2.2803319e-01
   3.6757365e-01
   4.3190045e-01
   3.0448113e-01
  -3.6206205e-01
   9.1201688e-01
   1.3903331e-01
   2.6284209e-03
   3.0987703e-01
   2.6994707e-01
   8.4877486e-01
  -2.1671875e-01
  -2.6583529e-01
  -2.7749320e-01
  -9.5211065e-02
   1.1636490e-01
   3.7328445e-01
   3.3860646e-01
   6.5409001e-01
  -5.5538314e-01
   2.7204578e-01
   8.5184652e-01
   2.6913133e-02
   1.9673771e-01
   4.9214912e-01
   6.6751407e-01
   1.3518791e+00
   6.6659508e-01
   6.1428922e-01
   1.8716236e-01
   3.0858941e-01
  -1.1148715e-01
   6.2979384e-01
   5.0578179e-01
  -3.4219531e-01
  -6.8941230e-01
   5.5221116e-01
   1.2109062e-01
   1.3715173e-01
  -5.6471726e-01
  -2.4135559e-01
  -5.5543351e-01
   7.1359990e-01
   5.8234540e-01
   3.6588690e-01
  -2.9453301e-01
   2.7943367e-01
   4.6521523e-01
   6.5423978e-02
  -4.5501289e-01
  -1.6469516e-01
   8.4392916e-01
   3.2287376e-02
   2.6150006e-01
  -3.3980470e-01
  -2.8070944e-01
   3.8490107e-01
  -4.0607371e-01
   1.1294431e+00
   4.1807268e-02
   1.5923483e+00
  -1.0820467e+00
  -5.5987494e-02
  -4.0248096e-01
  -3.3997922e-01
   3.4502646e-01
   7.4453243e-01
   6.3299891e-01
   3.1149531e-01
  -8.2152013e-03
   5.8869615e-01
   5.9683811e-01
   3.4168161e-01
  -2.9961973e-01
  -2.1386356e-01
  -6.7856758e-01
   2.3398587e-01
   1.4199101e-01
  -1.5013415e-01
  -1.5099812e-01
   6.5061950e-01
   8.9220485e-02
   6.6164129e-01
   2.3026435e-01
  -7.1319853e-02
  -8.0308304e-02
  -2.2845874e-02
   1.9693608e-01
  -1.1016610e+00
   9.8498130e-02
   2.3687408e-01
   7.5437421e-01
  -5.3537401e-01
  -1.9314073e-01
   3.7269964e-01
  -7.6719713e-01
   1.1548079e-01
  -3.8575928e-01
  -3.3602897e-01
   9.6093682e-03
   8.7210058e-01
   7.5611602e-01
  -6.8523736e-01
  -8.8025118e-01
   8.3132569e-04
  -3.3855577e-02
   2.0988246e-01
  -2.1625892e-01
   4.8252610e-02
   5.1171358e-02
  -1.0078537e+00
  -1.9806604e-01
  -6.2431482e-01
   4.6890968e-01
   5.2595023e-01
  -4.7044610e-01
   2.9596700e-01
  -1.0346029e-01
   7.7507438e-01
  -7.6419808e-01
  -1.0083818e+00
   2.0357539e-01
   6.4255299e-01
  -1.2552917e+00
  -6.0091429e-01
  -3.1378467e-01
  -5.4305327e-01
  -1.0481734e-01
  -8.2876948e-01
  -2.4822792e-01
  -1.8982113e-01
   1.5481816e-01
   2.2493140e-01
  -2.0150911e-01
  -4.2349637e-01
   6.3076229e-01
   3.9043578e-01
   5.8835634e-01
   6.0838885e-01
   4.8777005e-01
  -1.6361088e-01
  -5.2883889e-01
   1.0455091e+00
  -5.9940649e-01
   2.5634108e-01
  -1.6328100e-01
  -4.6687109e-01
  -2.1302774e-01
  -2.6826229e-01
   8.5580985e-01
  -4.5321615e-01
  -2.4153817e-01
   4.3068582e-01
  -8.2908012e-01
  -3.4575289e-01
  -8.0341821e-01
  -8.2578840e-02
  -2.2234345e-01
  -5.7097937e-01
  -1.4970678e-03
   6.2743554e-02
  -6.3164373e-02
  -1.7492139e-01
  -2.3198389e-01
  -8.5140102e-01
   2.9841133e-01
  -6.1312606e-01
   4.7334797e-01
   2.2496620e-01
  -1.2454875e-01
  -7.8745043e-03
  -1.2616074e-01
   2.1302271e-02
   7.4551631e-01
  -6.4121526e-01
  -5.9847884e-01
  -8.0742296e-01
   1.1383438e+00
   3.7853601e-01
   2.6619659e-01
  -5.6615442e-01
   1.5068252e-01
  -1.7225503e-01
  -4.6130524e-01
   4.3119460e-02
  -3.3541934e-01
   2.1932580e-01
   8.2939708e-01
  -1.1478413e+00
   1.8018547e-01
  -5.1854813e-01
  -8.0646590e-02
  -8.9557557e-02
   2.3432013e-01
   5.3504745e-01
  -5.0960833e-02
  -6.6671331e-01
  -4.5638594e-01
   1.7634969e-01
  -1.3995878e-01
   1.8517066e-01
   9.4551064e-01
  -1.1161090e+00
  -7.9214439e-01
   3.6345062e-01
  -3.7297365e-01
  -1.7924892e-01
  -6.8840393e-01
  -3.2969286e-01
   2.2184098e-01
  -6.6422776e-01
   5.9338286e-01
  -2.4902361e-01
   6.7806761e-01
   1.3428571e-01
  -4.6282914e-01
   4.7911836e-01
  -8.2805096e-02
   6.7854988e-01
   6.6748146e-01
   3.2318586e-01
   4.9251380e-01
   4.8208800e-02
   5.3601487e-01
  -5.9607376e-01
   6.4693876e-01
  -1.0499170e-01
  -6.8340495e-01
  -7.8081106e-01
   6.0249388e-01
   1.9413072e-01
  -2.6188911e-01
   4.8550054e-01
   2.5157649e-02
   9.3367591e-04
  -3.3512158e-01
   2.8978209e-01
   2.4972389e-01
  -1.0880226e-01
  -9.0723638e-01
  -1.1731425e-01
  -1.0646580e-01
  -1.8107403e-01
   1.9841905e-01
   4.5231020e-01
  -2.5252147e-01
   5.4229407e-01
   1.9903320e-01
   3.5165710e-02
   1.7503443e-01
  -4.2782248e-01
  -1.0814749e-01
  -4.3041254e-01
  -2.5814954e-01
   2.2569510e-02
  -3.6188587e-03
  -1.0149764e+00
   9.0263753e-01
  -1.1275393e-01
  -7.1335254e-01
  -4.0050026e-01
   9.1164071e-01
   3.7785514e-01
   7.9537718e-01
  -4.8451689e-01
  -6.4381213e-01
  -6.0998853e-01
   1.6028059e-01
   2.9635015e-01
   8.3420877e-01
  -4.0790674e-01
   3.2236690e-01
  -1.5989226e-01
  -3.4142400e-01
  -5.9851662e-01
   1.6983629e-01
  -7.4749557e-02
  -7.3779423e-01
  -6.5510244e-02
   4.4422846e-01
   1.1271188e-01
  -2.0669743e-01
   3.2462162e-01
   4.2893441e-02
   9.8422694e-02
   5.5222805e-01
  -3.7608046e-01
   5.5805659e-01
   3.9854817e-01
  -1.9673846e-01
   1.9458804e-02
   5.3424184e-02
   7.8879912e-02
   2.5759797e-01
   6.9353608e-03
  -1.5705000e-01
   2.2194259e-02
  -4.0057779e-01
  -9.9997716e-01
   1.2326119e+00
   6.5839057e-01
   9.4011994e-01
   6.2970256e-01
   3.5344379e-02
   4.9133828e-01
   9.1738557e-01
   6.4961503e-01
   4.8456294e-01
  -5.2859408e-01
  -2.0153722e-01
  -5.6477860e-01
   5.1175097e-01
  -5.3499439e-02
  -3.5594806e-02
  -5.0886725e-01
   8.4675121e-01
  -5.2276841e-01
  -3.6075200e-01
  -1.3209020e-01
   4.1398649e-01
   8.1825292e-01
  -5.3122460e-01
  -5.4638674e-01
   1.7184030e-01
   1.5828912e-01
   3.8491449e-03
  -1.5373107e-01
  -2.4418191e-01
  -6.2522342e-01
  -1.5852895e-01
   6.6815268e-01
  -2.3692402e-01
   7.5936699e-01
   4.6412127e-02
   3.4752812e-01
   6.6634926e-01
   8.2815881e-01
   3.3885020e-01
  -6.5548702e-01
   7.7906834e-01
   1.5903538e-01
   1.7093324e-01
  -1.7014839e-01
   8.9521920e-01
  -2.4550638e-01
   8.6087906e-01
  -4.6278770e-01
   1.5828265e-01
  -2.5366078e-01
   5.9465756e-01
  -1.1855434e+00
  -2.1653033e-01
  -1.4014585e-01
   1.4753562e-01
  -4.6136507e-01
  -4.9232585e-01
   4.4077123e-01
   4.9347195e-01
  -2.1416299e-01
  -5.9084104e-01
  -6.5006221e-01
  -5.1905036e-02
   6.9533982e-01
   3.2756190e-01
  -3.6102206e-01
   2.0130234e-01
  -1.9722413e-01
   2.6736451e-01
  -3.0735937e-01
  -2.5565375e-02
  -1.0765006e+00
   5.3851776e-01
  -1.7353639e-01
   1.4908163e-01
   1.2310278e-02
   6.7824885e-01
   4.8938832e-01
  -5.2767624e-02
   4.0953334e-01
   5.3314599e-01
   5.3818550e-01
  -2.0448952e-01
   1.8350569e-01
  -4.6746588e-01
  -5.7462867e-01
  -1.3119778e-01
  -4.7319196e-01
  -3.3417931e-01
   4.9550443e-01
   5.5325090e-01
   1.3236739e-01
   1.3244708e-01
  -2.8614158e-04
   6.2797535e-01
  -6.3844459e-01
   5.4317667e-02
  -9.0286140e-01
   5.2484943e-01
   5.5908532e-01
   3.9046877e-01
  -8.4842607e-01
  -2.6732819e-01
   3.7558945e-01
  -3.9491906e-01
   5.0056861e-01
  -4.8634912e-01
   3.5276282e-01
  -2.8402460e-01
  -2.2435815e-01
   1.0508067e-01
   3.9638308e-01
  -1.7881361e-01
   1.0128916e-01
   3.1944646e-01
   2.5305339e-01
  -2.7290818e-01
   1.8044623e-01
  -2.6699474e-01
  -2.3258540e-01
   4.4694130e-01
   1.2487179e-03
   6.3179404e-01
   2.6835318e-01
  -8.4113791e-02
  -3.1487830e-01
  -3.5837833e-01
  -1.4007854e-01
  -4.3667879e-02
  -8.0376802e-03
  -4.6405271e-01
  -9.0711009e-01
   5.1172629e-01
  -4.9488119e-01
   3.6497915e-01
  -4.1921951e-02
  -2.6194827e-01
   4.8233766e-01
   4.2479460e-01
   5.0723304e-01
  -1.2192230e+00
  -9.7405768e-02
  -8.3600568e-01
   2.9326731e-01
  -4.5904707e-03
   7.0823110e-01
   1.9806915e-01
   1.5958033e-01
  -7.8089919e-01
   9.3917460e-01
  -1.7167644e-02
  -8.7009506e-01
   4.7405277e-01
  -2.8056726e-01
  -1.9200233e-01
  -1.3874510e-01
   7.3230170e-01
   7.7797618e-01
  -7.7796668e-01
   3.2490974e-01
  -7.2314993e-02
   5.8141096e-01
  -4.0926645e-01
  -2.6835368e-01
   2.3580802e-01
  -6.7309868e-01
   4.1742898e-01
  -6.2576673e-01
  -4.1712194e-01
  -1.8366981e-01
   1.8171972e-01
  -2.4082005e-01
   1.3692421e-01
  -2.6699348e-02
   9.7108886e-01
  -3.9830323e-01
   1.4006474e-01
  -4.1851509e-01
  -4.6874082e-02
  -5.7955110e-02
   3.3537498e-01
   4.9356383e-01
  -6.0279208e-01
  -6.7294157e-01
   7.7669848e-01
   2.5925018e-01
   1.3905748e-01
  -7.4825044e-01
   8.8166772e-01
   1.4786870e-01
   3.0908820e-01
  -2.7034328e-01
  -2.4989144e-01
  -1.7106344e-01
   3.3594491e-01
   5.5319405e-01
  -3.9730201e-01
  -3.8314516e-01
   4.9720826e-01
   1.4827346e-01
  -2.7071762e-01
   8.9881840e-02
   1.1304422e-01
  -3.0235140e-01
   5.2846604e-02
  -2.6878807e-01
  -2.0599623e-01
   3.5113819e-01
  -4.2526659e-02
   5.4122695e-01
  -1.0500062e+00
  -4.7435894e-01
  -4.7974667e-01
   1.0435064e+00
  -7.1937127e-03
  -7.8491041e-01
   6.8117436e-01
   6.0681801e-01
   2.3152943e-01
   8.1294819e-02
   3.5068694e-02
   6.9646762e-02
  -1.1790884e+00
   9.0564290e-01
  -3.5271812e-02
  -8.1336024e-01
  -5.9154401e-02
  -7.9455639e-01
   1.4963769e-01
  -4.1482812e-01
  -6.2681631e-01
  -8.4504553e-01
  -1.6655289e-01
   4.9892647e-01
   5.9008551e-02
  -7.7470233e-02
   3.9991941e-01
  -4.1228247e-01
  -2.4104529e-01
   4.3299335e-01
   5.3360383e-02
  -5.7867014e-02
   5.4462403e-01
  -2.7316757e-01
  -7.6458222e-01
   2.7395301e-01
   4.9147335e-01
   3.5079555e-01
  -4.1207352e-01
  -2.5995447e-01
  -4.9493685e-01
  -3.0938002e-01
   6.5858724e-02
  -3.9877100e-01
  -1.8600552e-01
   8.7656308e-01
   2.0100946e-01
  -2.1045947e-01
   8.2836400e-01
   1.6555842e-01
  -1.3977840e-01
   3.5359562e-01
   1.5774683e-01
  -9.0062831e-02
  -3.7087307e-01
   6.3787221e-01
   1.9590575e-01
   5.5518234e-02
   7.5382356e-02
   1.8843867e-01
  -6.1093954e-01
   1.0388344e-01
  -1.1591472e-01
   9.5050855e-01
  -4.3675615e-02
   4.0925524e-01
  -3.0716745e-02
   9.7630587e-02
  -2.5379717e-01
   2.2343458e-01
   4.0942216e-01
   5.9004683e-02
  -8.7473985e-02
   8.5518158e-01
  -3.5912889e-03
   1.4360135e-01
   5.6911180e-02
  -2.6701697e-01
  -1.4366254e-01
  -4.2289182e-01
   6.9156866e-01
   9.4928460e-01
   6.8229642e-01
  -4.5108039e-01
   1.6071374e-01
  -5.1967206e-01
  -4.7443440e-01
   7.8959786e-01
   1.0891158e-01
  -1.2713607e+00
  -1.1744293e-01
  -1.2323405e-01
  -1.8541871e-01
   2.6161289e-01
  -3.8889403e-01
   2.2903611e-01
  -4.1791405e-01
   4.9194148e-01
   1.0257781e+00
  -5.4347822e-01
  -4.4212360e-01
  -9.9547460e-02
  -8.6999266e-02
   5.6498247e-01
  -2.8430366e-01
  -2.7662581e-01
   5.3931829e-01
  -3.0851217e-01
  -4.0516971e-01
   7.4064043e-02
  -7.0621466e-01
  -6.3717147e-01
  -1.8581838e-01
   2.8895181e-01
   2.9263002e-01
  -5.8116580e-01
   1.8626798e-01
   9.1792219e-01
   7.7512786e-02
  -2.3332068e-01
  -5.2708381e-01
   2.6155407e-01
  -5.1465872e-01
   7.2922358e-02
  -4.0002345e-01
   2.4325230e-01
   2.3427298e-01
  -1.5561245e-01
  -8.7023052e-01
   1.6492606e-01
   1.2490980e-01
   1.2813970e-01
   4.8772920e-02
   7.3637765e-01
   3.1584647e-01
   1.1393887e-01
  -2.7204484e-01
   4.0367125e-02
  -7.1803516e-01
   5.3936464e-01
  -5.0217324e-02
   3.3912064e-01
  -6.7993857e-02
   1.6225896e-01
  -7.3210724e-01
  -2.1274036e-01
   7.6398107e-01
   9.3531015e-01
   1.0772199e-01
   4.9356946e-01
   1.7161457e-01
   3.4170119e-01
  -1.4128793e-02
  -6.0436693e-02
  -3.9054631e-01
  -4.3692374e-01
   2.3868148e-01
   4.9196578e-01
   9.1739127e-01
  -2.9411269e-01
   8.0179778e-01
  -4.5070358e-01
  -9.1120240e-01
  -9.6518350e-01
  -8.7595509e-01
  -5.3106226e-01
   4.6558365e-01
   5.6828269e-01
  -3.6855488e-01
   4.7157039e-01
   1.8629724e-01
  -3.6311401e-01
   5.1800556e-02
   3.9726199e-01
   1.5556376e-01
   8.3301417e-01
   3.0511093e-01
  -2.2630040e-01
  -2.1406153e-01
   4.6196456e-01
   3.7560338e-01
  -8.7793988e-01
  -2.8687765e-01
  -1.1395312e-02
   2.7172634e-01
   3.0225683e-01
   5.5372326e-01
  -1.1525935e+00
  -1.4642449e-02
   8.9098752e-01
  -1.4926051e-01
   1.7609766e-01
  -5.2102300e-01
   5.1376010e-01
  -1.4698406e-01
   2.3291799e-01
   4.6718684e-01
   2.0127968e-01
   1.4595139e-02
  -7.7684957e-01
   1.7587347e-01
   2.5532057e-02
   1.3583878e-01
   5.3779089e-01
   9.0113064e-01
  -7.6466596e-01
  -4.4022980e-01
  -7.3831636e-01
  -6.9791455e-01
   3.0335594e-01
  -4.4896626e-01
  -8.5936669e-01
   2.1263911e-01
   8.1261980e-02
   2.7663072e-01
  -1.3343446e-02
   1.2680717e-03
   1.4662776e-01
   1.2223267e-01
   1.1019350e-01
  -7.6355322e-01
   4.9944914e-01
   4.3167786e-02
  -5.7963359e-01
  -2.1191068e-01
   4.9205758e-01
   1.3648146e+00
   6.1753387e-01
  -3.1172650e-01
  -1.4239832e-02
   8.2302906e-01
   1.5681314e+00
   1.0450667e+00
   4.3290658e-01
  -2.7541332e-01
  -5.2855415e-01
   7.2390783e-01
   6.7551758e-02
   4.6333854e-01
  -2.5691499e-01
   1.1026769e-01
   3.0227400e-01
  -1.1069382e+00
  -6.0906113e-01
  -2.1034189e-01
  -4.3430604e-01
  -1.5308164e-01
  -6.6278600e-02
   4.0945994e-01
   7.9253317e-01
  -5.2601483e-01
  -9.1951708e-02
  -3.2026598e-02
   4.5581880e-02
   7.0368093e-03
  -2.7888894e-01
  -2.5277606e-02
  -7.6708854e-01
   1.2570373e-01
  -2.9123962e-01
  -2.0315197e-01
  -1.6691317e-01
  -3.0246013e-01
   1.0803813e-01
  -5.6971575e-01
  -5.4249385e-01
   8.2345937e-01
  -4.9346117e-01
  -5.2400883e-01
  -5.1940671e-02
  -1.3278349e-01
   7.3299184e-01
  -2.9423391e-01
  -4.1826263e-01
  -2.2508027e-01
   5.2354567e-03
   4.9507750e-01
   6.0676145e-01
   3.5440764e-01
  -8.8885956e-03
   6.3001629e-01
  -1.1368606e+00
  -1.2261148e-01
  -1.8282595e-01
   6.5655733e-02
   2.5170915e-01
   8.7989603e-01
  -8.2140399e-02
   9.8347207e-01
   1.2732845e+00
  -5.9574996e-02
  -3.6231444e-01
   1.5330108e-01
   1.1596683e-01
  -5.3203504e-01
  -2.4083684e-01
   5.3088287e-01
   7.3759569e-01
   4.8540964e-01
  -2.8864489e-01
   5.7442983e-01
   1.8172253e-01
  -9.8101292e-01
  -9.2895763e-01
  -4.5386438e-01
  -5.5901617e-01
  -7.3351922e-01
   1.0499126e+00
  -1.1566236e-01
   1.5160943e-01
  -1.0883450e-01
   2.5189114e-01
  -6.6440649e-01
   5.2283983e-01
   5.7263813e-01
  -1.9332940e-01
   6.0530039e-01
  -1.0113627e+00
  -1.2874994e-01
   6.5441486e-01
   3.0870855e-01
  -2.9523027e-01
  -4.6184679e-02
  -6.8391707e-01
   1.4075233e-01
  -1.4561128e-02
  -4.0547865e-01
  -2.3015803e-01
   5.0497783e-01
   3.2160883e-02
  -9.3263369e-01
   8.7665781e-01
  -1.2594491e-01
   4.9740507e-01
  -4.6807518e-01
   1.7184901e-02
  -1.4191155e-01
  -7.8094157e-01
  -4.4363857e-01
   5.9077365e-01
   4.5583537e-01
  -4.3175558e-01
   4.0406642e-01
  -4.5428019e-02
  -6.7229972e-01
  -3.5457067e-01
  -5.8477203e-01
  -7.9237169e-01
  -1.2348813e-02
  -5.5322424e-01
  -8.1835221e-02
  -3.3123872e-01
  -1.4510363e-01
   4.1428461e-01
   2.7573092e-01
  -2.7954740e-01
   1.5427156e-01
  -8.5890513e-02
  -1.9857906e-01
  -1.9138617e-01
   3.2938076e-01
   1.5239718e-01
   1.4002448e-01
   1.5229597e-01
  -4.0311309e-01
  -2.2403099e-01
   6.0808743e-01
  -3.5671489e-01
   1.5740222e-03
   2.9644661e-01
   2.7739792e-01
   1.0177692e+00
  -2.0997416e-01
   1.6209451e-01
   8.1245409e-01
   3.8790267e-01
   6.1166508e-02
   7.8896019e-01
  -2.0699201e-01
   6.5828221e-01
   2.7532870e-01
  -5.4844793e-01
   1.4895593e-01
   1.1641966e-01
   7.0258203e-01
  -1.6634532e-01
   2.5821868e-01
   7.5998601e-01
   2.4368889e-01
  -3.3165897e-01
   2.6728024e-02
   4.9760743e-01
  -4.0239381e-01
   5.7086753e-01
   4.8206200e-01
   3.7961986e-01
  -7.2686635e-02
   1.3135515e-01
  -2.3984299e-01
  -2.2427333e-01
   7.5359137e-02
  -1.2138150e+00
   8.0442625e-01
   1.7785084e-01
   8.7077696e-02
  -5.6965931e-02
  -7.0064678e-01
   2.2758525e-01
   9.7872510e-01
  -6.3543214e-02
  -4.1753700e-01
  -9.4051288e-01
   4.3679134e-01
   3.4126125e-01
  -2.0346261e-01
   5.4313007e-01
  -9.4860002e-02
   7.6639969e-02
   2.5685004e-01
  -7.4647863e-01
  -3.0259809e-01
  -1.0031883e+00
  -3.1175370e-01
   4.9465509e-01
  -6.3559095e-01
  -4.6417025e-01
   6.1443611e-01
   3.4142889e-01
  -8.2385524e-01
  -7.1621588e-01
   6.6734509e-01
   3.5766050e-02
   7.3063441e-01
  -2.2639668e-01
  -1.2932405e-01
   1.6178996e-01
   6.0731758e-01
   4.4032982e-01
   4.4065924e-01
   4.8858909e-02
  -7.3191304e-02
  -4.4253862e-01
  -9.7369029e-01
   5.9090589e-01
  -7.3478060e-01
  -3.5564800e-01
   5.3176918e-01
  -1.7700764e-01
  -1.0763699e-02
   2.5935576e-01
  -8.0431359e-01
  -7.5040685e-01
  -7.4309034e-01
  -5.6791900e-02
   3.3934103e-01
   5.5343440e-01
   6.5267625e-02
  -5.3178063e-01
   5.0306619e-01
  -7.5414400e-01
   4.3931132e-02
   1.7218203e-01
  -4.1634229e-01
   1.2631197e+00
   4.6983120e-01
   1.9196881e-01
   5.0062849e-01
   2.3714889e-01
  -2.3724797e-01
   6.2818535e-02
  -9.5542786e-01
  -4.4556986e-02
  -9.3401452e-01
  -5.5226146e-01
  -9.8954490e-02
  -7.6542571e-02
   5.2054845e-01
   2.8495024e-01
  -5.8450417e-01
   1.3890734e-01
  -9.0955414e-01
   6.9597989e-01
  -1.8357617e-01
   7.6269377e-02
  -1.6051825e-01
  -6.5178226e-01
  -2.3793378e-01
  -1.7213857e-01
  -5.3704169e-01
   4.5868472e-01
  -3.0437419e-01
   7.9088085e-01
   2.5104523e-01
   2.8626303e-01
   5.6274124e-02
  -1.2340709e-01
  -6.8420676e-01
   5.1498110e-03
  -1.7659484e-01
   2.2365183e-01
   1.9207804e-01
   7.0068014e-01
  -5.8385730e-02
   2.7530295e-01
   2.4381511e-01
   8.1673551e-02
  -7.5386874e-02
  -2.6040867e-01
   7.4543485e-01
   3.4280241e-01
  -1.3676067e+00
   7.8268875e-01
   5.6162543e-01
  -1.2848126e-01
   2.5515547e-02
   6.0439172e-01
   1.9933818e-01
   8.3838492e-02
  -3.7739931e-01
  -3.2527246e-01
   3.0181757e-01
  -1.1455047e-01
   1.9990026e-01
   5.4569149e-01
   8.6902330e-01
   4.0933454e-01
  -2.2042435e-01
   6.3286606e-01
   2.7420356e-02
  -4.7657867e-01
  -6.5243885e-01
  -7.4280531e-01
  -1.4117274e-01
   1.7487885e-01
   5.1523711e-02
  -8.2353672e-01
   2.5405507e-01
   4.3530574e-02
  -3.7498670e-01
   6.5018694e-01
  -7.4390038e-01
   5.8800418e-01
  -3.9130734e-01
   1.5862996e-01
  -1.6853464e-01
  -7.5563583e-01
  -1.0115232e+00
  -2.5032974e-01
  -9.3563461e-02
  -3.5577377e-01
   8.9285027e-02
   1.2234453e-01
   4.9202532e-01
   4.3127061e-01
  -2.1812733e-01
  -4.0263455e-01
   3.1983533e-01
   5.7109337e-01
   7.8400368e-02
  -2.1235354e-01
   4.0249068e-01
   6.8539821e-01
  -4.2755365e-01
  -5.0872502e-01
  -6.2804337e-01
  -6.1573966e-01
  -1.8537606e-01
   9.5330419e-01
   7.7981475e-01
  -1.5871185e-01
   2.3485589e-02
  -4.9986975e-01
   3.4533626e-01
   7.4960032e-01
  -2.2854925e-01
  -1.6910424e-01
  -4.4171957e-01
   1.1058236e+00
  -1.7037590e-01
  -4.7320755e-01
  -3.2482498e-01
   3.4466959e-01
  -7.7477894e-02
   3.1283797e-01
  -1.1845522e-01
  -2.8511993e-01
   3.4344343e-01
   6.4560703e-01
  -2.0589382e-01
  -9.4569863e-02
  -4.8282437e-01
  -8.1420664e-01
  -1.5641260e-01
  -1.0650902e-01
   1.8518795e-01
   4.8519196e-01
  -5.7153654e-02
   9.2180456e-02
  -5.4984479e-01
  -1.7891489e-01
  -1.1465352e-01
  -2.9459064e-01
  -3.9733918e-01
  -7.0959728e-01
  -7.8006945e-03
  -3.5016062e-01
   2.0454015e-01
  -1.3971844e-01
  -8.9073578e-01
  -6.8810770e-01
  -5.4596554e-01
  -9.7261007e-02
  -2.9331282e-01
   3.5237297e-01
  -2.8117972e-01
   9.8149501e-02
   8.5912500e-01
  -2.5004438e-01
   5.1428073e-01
   4.3394594e-01
   5.3009435e-01
   3.5063614e-01
  -2.0764515e-01
   4.0809311e-01
   2.3348538e-02
  -7.2472304e-02
  -9.3625609e-01
  -6.2111402e-01
   5.7812243e-01
  -1.4719341e+00
   2.6097938e-01
   1.2769973e-01
   1.6435986e-01
   7.2851806e-02
   1.3542340e-01
   5.1651380e-01
  -5.8831364e-01
  -6.2326223e-01
  -1.6057700e-01
  -5.4093097e-01
  -3.1365387e-01
  -2.2716340e-01
   5.2328639e-01
  -6.1002020e-01
   4.5738522e-01
   3.1387359e-01
  -6.5289575e-02
  -2.6775059e-01
   4.9558173e-01
   8.6192475e-01
  -7.5122990e-01
  -1.9040246e-01
   2.9825981e-01
  -1.0070283e+00
   7.6930449e-01
   2.6834822e-01
   3.5678848e-01
   3.6892909e-01
   4.1976084e-01
  -2.4469152e-01
  -1.3099156e-02
   2.0833507e-01
   1.5634621e-01
  -3.0828152e-01
  -6.5244662e-01
   7.0105824e-01
   1.7315048e-01
   2.7365380e-01
  -2.3300234e-01
   2.9971893e-01
   2.8284981e-02
   8.6164414e-01
   1.0243247e-01
   3.4327697e-01
   1.2395394e-02
   2.2034423e-01
  -2.2515272e-01
   1.3051084e-01
  -2.8008050e-01
   1.2340633e-01
   1.4998359e-01
   9.1352941e-01
   2.4902308e-01
  -6.6676439e-01
   8.5162592e-01
  -7.0105916e-02
  -7.0791384e-01
  -1.1269667e-01
  -5.1438560e-02
   4.6609637e-01
   8.0590360e-01
   1.1188823e-01
   6.2442276e-02
   2.9895814e-01
   2.6566355e-01
   2.4125333e-01
   2.2451121e-02
   3.5975743e-01
  -2.7544577e-01
   8.6917486e-01
   6.9501924e-01
  -2.5001043e-01
  -7.2535116e-01
   4.7896322e-01
   1.1456266e+00
   9.6406472e-02
   6.8661826e-01
  -6.1527986e-01
  -1.2169826e+00
  -1.4145216e-01
   4.6523490e-01
  -5.9670762e-01
   1.6307365e-01
  -2.4121007e-01
   1.4689490e-01
  -5.9298720e-01
  -6.9239936e-01
  -1.3741147e-01
  -5.7422836e-01
  -1.6845918e-01
  -8.7992954e-01
  -1.0026644e-01
   9.7020860e-01
  -8.4067941e-01
  -7.7027906e-02
  -4.2408899e-01
  -1.6266373e-01
   2.0379386e-02
  -3.6105139e-01
  -1.1212114e+00
  -8.7117395e-01
   3.1906421e-01
  -1.5714128e-01
   3.0893685e-02
   8.4279888e-02
   1.3053597e-01
   1.3076299e-01
   2.1411536e-01
   8.3539544e-01
   5.4017421e-01
  -5.0336879e-01
   7.5113521e-02
  -6.1716057e-01
  -3.6147695e-01
   5.8902191e-01
  -1.2916165e-01
   3.7310406e-01
  -2.4438870e-01
   3.1153593e-01
  -2.4441375e-01
   5.1307802e-02
  -6.1071942e-02
   1.0416762e+00
  -8.8098184e-01
   1.4672504e-01
   2.5969449e-01
  -4.9949575e-01
   3.4507356e-01
  -2.2857623e-01
   1.2829962e-01
   6.4260763e-01
   3.1654198e-01
  -2.8277885e-01
   1.4063513e+00
  -3.8261315e-01
  -5.9310599e-01
   9.6446689e-02
  -4.7198447e-01
  -3.5031976e-01
  -2.0697462e-02
   2.5514981e-02
   1.0268149e+00
  -4.8336525e-01
   2.9832581e-01
   7.3200676e-01
   3.6312786e-01
  -1.2734162e+00
  -2.1037049e-01
   8.5149272e-02
  -4.1534321e-01
   6.9326541e-01
   4.7396233e-01
  -4.2899648e-01
   1.0264496e-01
   1.6340110e-01
   5.3219265e-01
   6.3142943e-01
   1.3168048e+00
   1.0418971e+00
  -3.3479581e-01
   4.2836780e-01
  -1.2149951e+00
  -5.6405111e-01
  -1.9035369e-01
  -6.0961730e-01
  -1.2806444e-01
  -1.8276087e-01
  -1.1090799e-01
  -5.2797375e-01
  -2.8699434e-01
   5.5784835e-01
   9.1580625e-02
   2.3367620e-01
   6.3782653e-01
  -4.1905880e-01
  -3.0913451e-01
  -6.5649133e-01
   9.9670873e-02
   1.7394109e-01
   4.0397246e-01
   4.0878033e-01
   1.0564884e-01
  -6.5762971e-01
  -1.0183924e+00
   1.0020739e+00
   2.7202417e-02
   7.7223767e-01
   5.9843194e-01
  -8.8722866e-01
  -9.5160591e-01
   1.0918887e-01
   3.2512509e-01
   1.7490775e-01
  -5.0144799e-01
   4.6799421e-01
   3.5759788e-01
   2.6118388e-01
   1.1177414e+00
   2.5184210e-04
  -4.9623168e-01
  -1.1520735e-01
   9.4259863e-01
  -3.8433605e-01
   5.7683708e-02
  -6.5682294e-02
  -1.1381821e+00
  -1.9036001e-01
  -8.3470040e-02
   7.4780209e-01
   1.0280449e-01
   2.5055614e-01
   2.4408403e-01
   2.6045777e-01
  -7.0795378e-01
   5.6149845e-02
   8.3254208e-02
  -8.8779703e-01
   1.1990643e-01
   6.0157147e-02
  -1.4629152e-01
  -3.9896310e-01
  -4.8316521e-01
   1.8430918e-01
  -1.6098932e-01
   1.3547567e+00
  -4.1983574e-01
   1.5019870e-01
  -1.4859750e-01
  -4.7890740e-01
   1.8271257e-01
   1.9692775e-02
  -5.3975597e-02
   2.7511067e-01
  -1.5694629e-01
   3.8836917e-01
  -2.2045943e-01
  -6.1105780e-01
  -8.7051682e-01
  -1.2569274e+00
   5.0701449e-01
   4.9880771e-01
  -6.6003483e-01
   4.1865429e-01
   1.8822187e-01
   2.0213434e-01
   9.8878406e-01
   7.5548134e-01
   1.0128696e+00
  -1.0683678e-01
  -6.3894017e-01
  -3.8867225e-01
   4.0343607e-01
  -4.7500155e-02
   1.8413448e-01
   1.5880224e-01
  -4.7373182e-01
   2.9288368e-02
   3.5565107e-01
  -6.6471744e-02
   2.1387152e-01
  -9.1435753e-01
   3.8708929e-01
  -1.1969898e-02
  -2.2218958e-01
   4.2478281e-01
   8.2013256e-01
   1.6295616e-01
   6.7559896e-01
   1.6771977e-01
  -1.5656802e-01
   9.5122521e-01
   2.9696225e-01
  -6.0423832e-02
  -1.8728101e-01
  -1.1546753e+00
   2.7890760e-01
   1.0638290e-01
  -7.1049219e-01
   5.0835439e-01
   6.3214044e-01
   2.7525557e-01
  -2.1438829e-01
  -1.8930427e-02
  -6.3920552e-01
   3.1424279e-01
  -2.4584155e-01
   7.0990159e-01
  -7.6492678e-01
   7.8021396e-01
   1.5964311e+00
   7.5720538e-01
  -3.5492377e-01
   1.1299048e+00
  -3.6939559e-01
  -1.0563251e+00
   5.9143923e-01
   1.4701767e-01
   3.8895246e-01
  -8.9169371e-02
  -5.9951677e-01
   4.0069428e-01
  -6.5136645e-01
   9.3995592e-02
  -6.3384816e-01
   5.9554531e-01
   3.4141910e-02
   1.1753607e-01
   2.0593980e-01
  -4.0762943e-01
  -8.7061101e-01
  -3.7609667e-01
   1.2382611e-01
  -1.3355134e-01
  -6.8924524e-01
   4.5624474e-01
  -2.2917337e-01
   7.1689522e-01
  -5.0670553e-01
   6.4930353e-01
   5.2414134e-01
   9.0625442e-01
   1.1309813e+00
   2.6595881e-01
  -6.7083258e-01
  -8.0930194e-01
  -8.8067389e-01
   1.9284524e-01
   2.5356986e-01
   1.4591609e-01
   1.4536622e-02
  -1.0680656e+00
  -2.5060879e-02
  -4.3479298e-01
   6.5050339e-03
   2.2377177e-01
  -4.4509389e-01
  -5.4360274e-01
   4.4627147e-01
  -3.4751148e-01
  -8.6988699e-01
   1.0330449e+00
  -2.6982844e-01
  -1.0300806e+00
  -4.8552190e-01
  -1.4870712e-01
   1.3113423e-01
  -1.3790433e-01
   8.5650106e-02
  -4.0869215e-02
  -1.4963232e-01
  -7.1154540e-01
   5.8291605e-01
  -4.7332786e-01
   1.2946665e-01
  -1.1902730e+00
   1.8148844e-01
   3.0159942e-01
  -3.3031359e-01
  -3.0543293e-01
  -2.3638166e-01
  -3.1977343e-02
  -1.2066346e-01
  -2.7710213e-01
   1.3623143e-01
   2.5720882e-01
  -1.2040252e-01
   1.2491077e-01
   2.1532080e-01
  -3.0551773e-01
   4.1894720e-01
   3.2728280e-01
   4.9511444e-02
  -6.1344080e-01
   4.5379391e-02
  -1.3574421e-01
  -6.9574179e-01
  -1.4430010e+00
   8.1957652e-01
  -1.2153160e+00
  -1.0970800e-01
  -3.7535463e-01
  -3.9154500e-01
  -3.8279842e-01
   4.8056226e-01
  -2.9765564e-01
   7.7010222e-01
  -4.7471941e-01
   6.9031744e-01
  -4.8162934e-01
  -3.4172783e-01
  -1.0874936e-01
   9.2506910e-02
   3.5694114e-01
   2.2787638e-01
  -8.4026479e-02
  -5.6902973e-02
  -1.6950523e-01
   6.5782927e-01
   2.5960273e-01
  -4.4100099e-02
  -5.5041026e-04
  -1.8589489e-01
   5.7805712e-02
  -2.3822293e-01
  -1.3749440e-01
   1.9697942e-01
   9.5095891e-01
  -1.2764198e-01
  -2.5350649e-01
   2.9303785e-01
   3.9990164e-01
  -4.6752343e-01
  -4.3107666e-02
  -2.0977153e-01
   4.2351894e-02
   7.6940801e-01
  -2.1012752e-01
  -1.1128297e+00
   6.2597360e-01
  -5.7341632e-01
   9.1907602e-01
  -5.1526277e-01
  -1.6297125e-02
   8.1328380e-01
  -9.0706640e-01
  -2.7195648e-02
   3.7736527e-02
   7.3199188e-01
   1.5429157e-01
   4.0090973e-01
   1.1844426e+00
   2.0572643e-01
   5.5210877e-01
   1.4922101e-01
   5.2330135e-01
   3.0737407e-01
  -2.8772104e-01
   1.0529472e+00
  -6.3083839e-01
   9.7591383e-03
   6.6508379e-02
  -7.6820122e-01
  -5.5091812e-01
  -1.3672561e-01
   2.9393729e-02
   2.4405345e-01
   1.6401900e-02
   2.4898837e-01
   7.0515017e-01
  -4.3975212e-01
  -9.0352216e-02
  -4.4907881e-01
   4.7086637e-01
   5.6478542e-01
  -8.3085979e-01
   1.7445970e+00
   8.7806525e-01
   7.9394467e-01
   1.8244536e-01
   3.7263056e-01
   6.6644953e-01
  -6.6705525e-02
   8.0388666e-02
  -7.2950252e-01
  -3.1950191e-01
  -1.0348655e-01
  -3.7462300e-01
   3.8934641e-01
   8.4629078e-02
  -9.1453623e-02
  -8.2704623e-01
   5.7643965e-01
   5.0823196e-02
   2.9462419e-01
  -4.8369073e-01
   9.0869683e-02
  -3.2191922e-01
   1.6927869e-01
  -3.0440579e-01
  -4.0395965e-02
   5.9151770e-01
  -4.4295268e-01
  -1.9910275e-01
   7.7024422e-01
   1.9267747e-01
  -2.0030573e-01
   6.2778515e-01
   2.2964514e-01
   2.5628941e-01
  -7.2028897e-01
   2.3638043e-01
  -8.8332362e-01
   2.7382881e-01
  -4.3240773e-01
   5.8002006e-01
  -6.7024676e-01
  -4.6212665e-01
  -7.3830468e-02
  -1.0152865e-01
  -1.8931214e-01
   1.7630571e-01
  -2.9060211e-01
   5.0601540e-01
  -7.8278833e-01
  -2.1741923e-01
   5.8398614e-01
  -4.8531895e-01
   7.3276559e-02
  -8.1487365e-01
   6.9950298e-01
   3.1985512e-01
  -1.9272665e-01
   3.9073084e-01
   7.6748765e-01
   3.4585035e-01
  -5.5168595e-01
   7.0390815e-03
  -2.1480057e-01
  -4.7550266e-01
   3.2947948e-02
   3.0077303e-01
   5.4783169e-01
   8.0509242e-01
   5.4083972e-02
  -4.0573075e-01
   1.2480160e+00
   1.7353649e-01
  -1.1135346e-01
   3.6404453e-03
   1.6420325e-01
  -3.8044336e-01
   4.3477320e-02
   7.0846107e-01
   6.8945803e-01
  -5.6714101e-01
   4.4411184e-01
  -2.1846882e-01
  -1.2850533e-01
  -3.0255330e-01
   1.1089736e+00
   8.8772125e-01
   7.8580811e-01
  -5.2416984e-01
  -2.9785127e-01
   2.7153031e-01
   6.4356069e-01
   4.1198944e-01
   4.3511238e-02
  -6.6793154e-01
   1.7792359e-01
   3.7197137e-01
   9.0422495e-02
   1.9454748e-02
  -1.8917360e-01
  -3.8056292e-01
   7.4209056e-01
  -4.0032608e-01
   3.1379490e-01
  -3.0294568e-01
  -9.9148840e-01
   1.9547660e-01
   6.3887944e-01
  -1.0326455e-01
   7.8421839e-01
   8.0290743e-02
  -1.7778055e-01
   1.7414557e-01
  -3.9334909e-01
  -4.9258970e-01
  -5.5687017e-01
  -2.1737131e-01
  -4.8349581e-01
  -2.5849555e-01
  -1.9906275e-01
   2.6996724e-01
   1.4752079e+00
  -3.5789223e-01
   2.3461322e-01
  -6.8894317e-01
  -4.2667814e-01
  -6.2871811e-01
   5.2773030e-01
   6.9645062e-01
  -8.0280738e-02
   3.5090024e-01
   4.7102939e-01
   6.3772571e-01
  -4.8463499e-01
  -1.1160722e-01
  -2.2406446e-01
   2.7656369e-01
  -1.3563774e-01
  -2.2003796e-01
  -5.7299524e-01
   2.7652545e-01
  -8.0253854e-01
   7.2203645e-02
   8.2405088e-02
   2.7003322e-01
   1.8302709e-01
   4.6402873e-01
  -2.0883786e-01
  -1.8171101e-01
   3.0288963e-01
  -4.4838527e-01
  -9.9287931e-02
  -9.1383798e-01
  -1.0560308e-01
  -6.2814349e-02
  -1.4188964e+00
  -2.2298195e-01
   1.0169204e+00
  -6.1820344e-01
   4.3388546e-01
  -1.2087077e-01
   2.2909785e-01
  -9.9595770e-03
   2.2618460e-01
  -2.0558857e-01
  -6.9695751e-01
  -2.2607114e-02
  -1.8819949e-01
  -2.6980064e-01
  -2.4561884e-01
   3.4419859e-01
   1.4164070e-01
  -5.0082560e-01
  -1.3370659e-01
   3.0212802e-01
   1.0533042e+00
   1.5028023e-01
  -2.4663290e-03
   3.9362524e-01
  -6.2760570e-01
   3.1625076e-01
  -6.2981899e-01
  -6.5619372e-02
  -5.8725155e-01
  -7.0703365e-01
   2.5537720e-01
  -4.3441517e-01
   3.0515292e-01
  -7.8784951e-01
   2.3510737e-01
  -5.2098824e-01
  -4.5544397e-01
  -1.9656641e-03
  -6.1993212e-01
   1.0913027e+00
  -5.5558228e-01
  -2.9052431e-01
   2.3291855e-01
  -5.9596288e-01
   5.3041258e-02
   3.1637775e-01
  -6.9066900e-01
  -8.9210351e-02
  -7.7854243e-01
   1.7631176e+00
   3.3911210e-01
   5.3358920e-01
   1.5663604e-01
  -7.2415257e-01
   1.3547347e+00
   1.5061481e-01
   1.3149801e-01
  -3.9999738e-01
  -1.7653884e-01
   2.4637328e-01
  -2.7829407e-01
  -3.7804982e-01
   4.2894764e-01
   3.8978921e-01
  -9.2467035e-01
  -7.5798959e-02
  -8.3333956e-01
   8.5388002e-01
   7.9298675e-02
   1.1699924e-01
  -3.3850578e-02
  -4.0518541e-01
   6.1483815e-01
  -1.9724238e-01
   6.7410018e-01
   6.9664410e-02
  -6.5452977e-01
   8.0963142e-02
   6.5789849e-01
   2.7257015e-01
   6.7226921e-01
  -2.3249270e-01
  -2.2915680e-01
  -4.1358133e-02
   3.8307648e-01
   1.4356424e+00
  -2.0324036e-01
  -5.5543906e-02
  -2.5625503e-01
   2.1276382e-01
   5.0637699e-01
  -8.9609327e-01
   3.9433026e-01
  -5.6238628e-01
  -2.9637979e-01
   9.7488320e-01
   2.0409925e-01
  -7.0187178e-01
  -2.5636811e-01
   4.6247088e-01
  -1.1085075e-01
  -1.8167453e-01
   2.0487555e-01
   1.0530338e+00
   2.1272173e-01
   6.8130343e-01
  -2.2006650e-02
  -3.4066843e-01
  -6.8596689e-01
   1.1104961e-01
   2.9642795e-01
  -1.9669333e-01
   4.6965634e-01
   2.4401016e-01
  -2.9892874e-01
   4.0050493e-03
  -8.7600069e-01
  -2.0489920e-01
   2.3309956e-01
   5.5671282e-01
  -8.8906701e-01
   4.5002092e-01
   2.3419011e-01
  -1.5325333e-01
  -5.1433824e-01
  -1.8658621e-01
   2.0740265e-01
  -8.3346906e-01
   6.4273544e-01
  -9.4061932e-01
  -5.5312697e-01
  -2.1390239e-01
   4.7680974e-01
  -1.2727389e-01
   5.5238156e-01
  -3.4242617e-01
   4.0201403e-01
   5.0305094e-01
  -4.7100801e-01
  -2.6486054e-01
  -1.3156284e-01
  -5.4999164e-01
  -4.3096249e-01
   8.6952482e-01
  -5.8292569e-01
  -3.6233130e-01
  -2.8542616e-01
   3.1365679e-01
   6.6182968e-01
   4.6960642e-01
  -1.4845493e-02
  -2.3896686e-01
  -8.9111417e-01
  -4.2082576e-01
   9.0500977e-01
   3.7580304e-01
  -3.8904699e-01
  -5.4378549e-01
   5.9854510e-01
  -4.5152348e-04
  -1.7499695e-01
  -2.4674516e-01
  -2.9612758e-01
   1.4091707e-01
   9.1113882e-01
  -5.0944147e-01
  -5.7696092e-02
  -4.3663440e-01
  -4.0175032e-01
  -5.4516754e-01
  -9.0856639e-01
  -6.5169165e-01
  -2.0888048e-01
   6.7239834e-02
   6.2453714e-01
   6.7542736e-01
   4.1334406e-03
   5.6191673e-01
   9.6367552e-01
   1.3554632e-01
   4.4011470e-01
   2.5431753e-01
  -4.2613674e-02
   7.6950049e-01
   2.8770284e-01
   5.1450209e-01
   3.2401330e-01
   2.3847319e-01
   3.3400070e-01
  -1.7610668e-01
  -1.3388740e-02
   6.6115754e-03
  -1.7784262e-02
   3.6972377e-01
   1.9721103e-01
  -5.7296570e-01
   1.1423838e+00
  -2.1007621e-01
   1.3407934e-01
   4.7135375e-01
  -6.8891730e-01
  -8.6088929e-02
  -8.3320597e-02
  -2.6707126e-02
  -7.4083243e-01
   9.4167816e-01
  -1.8395190e-01
  -4.5642025e-01
   4.8421785e-01
  -2.0273251e-02
  -3.0726325e-01
  -1.9846091e-02
   8.1866843e-01
  -5.3926297e-01
  -4.5544421e-01
   1.4749877e-01
  -2.5553309e-01
  -1.0741999e+00
   8.3842592e-01
   8.7198969e-02
  -3.1465366e-01
  -4.5281468e-02
   4.6831936e-01
  -1.8953733e-01
   7.7959166e-01
  -6.4204739e-01
  -1.4865670e-01
   2.7670070e-01
   5.0025069e-01
   2.6473620e-01
  -3.0278400e-01
  -1.3775526e-01
  -5.2839626e-01
   6.2074525e-01
  -5.7693634e-01
   3.2252454e-01
   9.9090514e-02
  -6.8098165e-01
  -5.9880662e-01
   8.1777677e-01
  -2.7620928e-02
   3.4225797e-01
   2.2654008e-01
   7.9400162e-02
   1.8962300e-02
  -6.2578678e-01
  -2.1642607e-02
   6.7147554e-01
   9.5636145e-01
   5.7887374e-01
  -1.7636366e+00
   1.2652754e-03
   2.1203878e-01
  -7.3790776e-02
  -4.3790642e-01
   9.8636728e-02
   3.0528671e-01
  -5.2436571e-01
  -2.9436686e-01
   4.4712917e-01
  -2.4239150e-01
   1.7650994e-01
   6.5344499e-01
   3.5792901e-02
   2.5346371e-02
   1.3866541e+00
  -4.6961562e-01
   6.8778845e-01
  -3.9546459e-01
   1.0535479e-01
   5.3746089e-02
   7.3322765e-01
   2.5973724e-01
  -9.8989533e-02
   5.5626011e-01
   7.6713970e-01
   4.6791767e-02
   1.2427366e-01
   6.2973525e-01
  -2.6989590e-01
  -4.5430857e-02
  -3.9582677e-01
   2.8592155e-01
   2.3760833e-01
  -3.1841541e-01
  -3.6691741e-01
  -2.6318750e-01
  -1.0245869e-01
   3.0267332e-01
  -2.4403403e-01
  -5.9596812e-01
   1.6886377e-01
  -1.2584870e+00
  -5.6902929e-01
   2.5044722e-01
  -4.4211554e-01
   1.4085170e+00
  -4.7909622e-01
  -3.7824413e-01
  -8.0418098e-01
  -2.2877266e-01
  -1.3468259e-01
  -5.3354275e-02
   3.7513106e-01
  -4.2155780e-01
  -1.0181843e+00
   9.5778624e-02
   3.7262963e-01
  -7.5457079e-01
  -6.5887572e-01
  -1.3226299e-01
  -3.1996252e-01
   4.1025228e-01
   5.5299501e-02
  -1.4583342e-01
  -2.2347092e-01
   4.3774922e-01
  -6.1746685e-01
  -2.5227671e-01
  -6.9359201e-01
  -4.2539876e-01
  -4.4528662e-01
   5.2388814e-01
   2.7111455e-01
   1.8101194e-01
   9.3403754e-01
   6.4514299e-02
   4.8984259e-02
  -3.7662459e-01
   8.7938170e-01
   1.6387671e-01
   1.4782452e-01
  -6.1905405e-01
  -1.5910156e-01
  -4.5448990e-01
   5.3369000e-02
   6.2121734e-01
  -4.7255834e-01
   1.0945303e-01
  -3.0859804e-01
  -1.2237566e-01
   2.0455178e-01
   4.3021214e-01
  -7.0648328e-01
   4.7393373e-01
   6.8766171e-01
  -3.8182414e-01
   3.3259846e-01
  -3.6358024e-01
   2.5751612e-01
  -8.0242170e-01
  -3.3811663e-01
   1.0449558e+00
   7.3431791e-01
  -2.4740563e-01
  -2.7882930e-01
   1.6289877e-01
  -9.3715107e-02
  -2.6908596e-02
  -2.5873354e-01
  -1.3732887e-01
  -1.2505080e+00
   5.1988368e-01
  -1.8248024e-01
  -1.3847098e-01
   3.8219585e-01
   4.3522623e-01
   5.7874090e-01
  -2.0130649e-01
  -3.8335640e-02
   4.3490057e-01
  -3.5418138e-01
  -6.9677390e-01
  -5.8974836e-01
   3.7818301e-01
   9.0533918e-01
   5.6239163e-01
  -4.3714882e-02
   1.5991264e-01
  -3.2769048e-01
   3.0871756e-01
  -8.2165462e-01
  -1.7254735e-01
   2.4039527e-01
  -2.4212588e-02
   2.3307480e-02
   2.6042899e-01
  -6.7410098e-01
   4.4947598e-02
   1.3795970e-02
   9.6025678e-02
   6.1937177e-01
  -3.9418457e-01
   5.7874378e-01
   9.9002917e-01
  -6.5183596e-01
  -4.7088869e-02
  -3.2001568e-01
  -1.9664101e-01
   7.4421359e-02
   1.1645005e-01
  -2.1635858e-01
   3.1835136e-01
  -3.0151294e-01
  -4.8171030e-01
   8.9090030e-02
   3.9497704e-01
  -1.0585626e+00
   5.5545686e-01
  -1.7478417e-01
  -2.3169612e-01
  -6.5702100e-01
   1.0080334e-01
  -1.5828582e-01
  -1.1080425e-01
  -9.7618983e-02
  -4.3914078e-01
   2.8101167e-01
  -9.0190405e-02
   4.3713276e-01
   3.2909820e-01
  -3.5174434e-01
   3.2283909e-01
  -1.1360815e+00
   3.3238045e-01
   6.2765347e-01
  -3.7175808e-01
  -3.9346953e-01
  -4.7779554e-02
   6.9171810e-01
   4.0686376e-01
  -4.2962351e-01
   5.1115092e-02
  -1.6321083e-01
  -3.4342710e-01
   1.3475099e-01
  -8.6042991e-01
   1.3266047e-01
   3.3509535e-01
   2.2005376e-01
   1.5192261e-01
  -5.0038734e-01
  -4.1921066e-01
   4.6603093e-02
  -3.2722157e-01
  -5.6610734e-01
  -2.9877029e-01
   4.5234809e-01
  -3.8806967e-01
  -3.9049846e-01
   2.4270515e-01
  -1.6724014e-01
  -4.9175765e-01
  -1.8507692e-01
   7.2698697e-01
   9.4122463e-01
  -6.7844437e-01
   2.1594175e-01
   8.1930095e-01
  -2.1970703e-01
   2.5050281e-01
  -5.3227994e-02
  -3.5630926e-01
  -2.3514057e-01
   5.9441840e-01
  -5.1223904e-01
   2.5817827e-01
   4.9782821e-01
  -5.8534196e-01
  -4.7047586e-01
   2.7582619e-01
  -8.4787365e-01
   1.1764963e-01
   4.0144029e-01
   7.3158888e-02
  -1.1118165e-01
  -1.1051322e-01
   4.8357479e-01
  -9.2317869e-01
   2.0498537e-01
   5.0638239e-01
  -5.4564781e-01
  -2.0678025e-01
   1.4966528e+00
   7.7954166e-01
  -1.2203549e+00
  -2.5499058e-01
   2.7725439e-01
   4.4777527e-01
   1.9458256e-01
  -1.3426483e-01
  -7.7589870e-02
  -1.3437595e-01
  -1.1923372e-01
   3.8951093e-01
  -1.9104722e-01
   9.2134761e-01
   9.6518425e-01
   5.7565890e-01
  -4.7012720e-01
   1.5322084e-01
  -3.7542934e-01
   3.6709012e-01
  -2.5888936e-01
  -3.8810070e-01
  -5.1627483e-01
  -3.9623442e-01
   4.1870965e-01
  -1.8791660e-02
  -6.9013108e-01
   5.9329672e-01
   3.2198310e-01
   3.8290822e-01
   6.9559305e-02
   6.9186197e-02
   1.3124863e-01
   2.2543535e-01
  -7.6598860e-02
  -1.9943908e-01
   1.0589163e-01
  -2.5430768e-01
  -2.7213724e-01
   9.2808388e-01
  -3.7580137e-01
  -1.3095771e-01
  -2.5889166e-01
  -1.2971547e-01
  -5.1838703e-01
  -3.4021402e-01
  -5.3095783e-01
   5.3069805e-01
   8.1225894e-01
   6.5960835e-01
  -3.6971731e-01
   7.8851696e-01
   3.7603313e-01
   7.8712275e-01
   1.1426976e-01
  -2.8435621e-01
  -6.2983790e-01
  -3.5575959e-01
   8.4162054e-02
   1.5117398e+00
   1.4412861e-01
  -4.1355044e-01
   9.4271061e-01
   5.8747491e-01
  -5.8448977e-01
   4.6968467e-01
   6.1167501e-02
  -1.4688084e-01
   1.1146222e-02
  -9.0114683e-01
   1.4426023e-01
   1.2735089e-01
  -2.5298608e-01
  -2.6095538e-01
  -7.6304696e-01
   1.1923928e-01
   4.4791968e-02
   1.2432699e-01
  -7.2765249e-01
   3.5885414e-01
   5.1545128e-01
  -3.0149601e-01
  -1.1226628e-01
   6.7611233e-01
   1.0147290e+00
   6.9051118e-01
   1.5008281e-01
   5.2024964e-01
  -7.8610231e-01
   2.6668790e-01
  -1.8079152e-01
   3.2071354e-01
   6.1796997e-01
  -3.1384008e-02
   1.0645444e-01
  -1.1019314e-01
   1.1884737e-01
  -2.5094050e-01
  -6.9907691e-01
  -7.6767721e-01
   6.0786891e-01
   4.6221296e-01
   2.2022810e-01
   3.0123111e-01
  -5.9506026e-02
   4.8419665e-01
   7.3779772e-01
  -6.7165037e-02
   7.1731583e-01
   1.1033116e-01
   5.4116169e-01
  -1.7982103e-01
   1.9204588e-02
  -7.8473501e-02
  -6.8712391e-01
   1.4159232e-01
  -5.5533939e-01
   1.0523214e-01
  -2.5480393e-01
   7.9203330e-02
  -2.6845980e-02
   6.6477410e-02
   9.2935328e-01
   5.7646210e-01
   4.5463388e-01
   5.7752344e-01
  -3.3840840e-02
  -2.2258994e-01
  -9.1767971e-02
   2.9906096e-01
   4.7424100e-02
  -7.5673041e-01
   1.1990487e-03
   1.5643597e-01
   3.7216994e-01
   6.0851832e-01
   1.8721181e-01
   2.9039127e-01
   4.1018386e-01
  -2.7707511e-01
  -8.6480486e-02
  -5.6056049e-01
  -3.5747006e-02
  -1.2952637e-01
  -2.6241926e-01
  -3.0218097e-01
   4.4593380e-01
   3.4267338e-02
   1.8923695e-01
   3.6433063e-02
   8.5813365e-02
  -2.4786788e-01
  -6.0113027e-01
   8.3314012e-01
  -3.1707141e-01
  -3.8081768e-01
  -7.3740016e-01
  -8.1405122e-01
   2.1739315e-01
   3.7680870e-01
  -5.2850790e-01
   4.9519754e-01
   3.1825261e-01
  -8.4605820e-01
   2.9750489e-01
  -7.1994900e-01
   5.9650804e-02
   5.4109098e-01
  -2.3665163e-01
   6.6324016e-01
  -1.2165283e-01
   2.1979959e-01
   3.5954368e-01
   4.5701159e-01
   2.0985431e-01
  -2.6880025e-01
   7.2765244e-01
   3.3460368e-01
   6.8542164e-01
  -1.8498804e-01
  -2.0993389e-01
   1.7455528e-01
  -8.2821365e-02
  -2.0521611e-01
  -1.1143549e-01
  -1.0619828e-01
  -4.7838549e-01
   4.2748060e-02
  -5.9575802e-02
  -3.8778975e-01
   1.2340829e-01
   1.3861992e-01
  -1.0707138e-01
   3.3392094e-01
   2.8569233e-01
   5.1096485e-01
  -5.1500579e-02
  -1.7595021e-01
  -3.3669406e-02
   5.2404231e-01
  -2.9536406e-01
  -2.6171298e-01
   4.7238524e-01
  -2.7186850e-01
  -5.9110626e-01
  -2.8193181e-01
  -6.1868145e-01
  -4.8996616e-01
  -3.2957457e-01
   2.2157438e-01
   8.4567461e-02
  -4.1986140e-01
  -2.5451929e-01
  -3.4242729e-01
  -2.8177843e-01
   7.3701541e-01
  -7.4876225e-01
  -4.4364393e-01
  -2.8829803e-01
  -7.2137880e-01
  -8.1023458e-02
   2.8873180e-01
   1.0422723e-02
  -3.6815306e-01
   7.6587505e-01
   5.1906898e-01
  -1.0597035e-01
  -2.9960065e-01
  -6.6784152e-02
  -2.1307168e-01
   2.5273959e-01
   9.9334255e-02
   1.9436236e-01
  -8.6429288e-02
  -7.5048647e-01
  -1.8287412e-01
  -4.9816773e-01
   4.1480194e-01
   8.7670163e-01
  -2.1813759e-01
   5.4485182e-01
   1.9526154e-01
  -1.3416912e-01
   5.5737761e-01
   2.3439453e-01
   1.1208535e-01
  -1.3016482e-01
  -2.0491811e-01
   6.5046800e-02
  -5.1446072e-01
   4.2980661e-03
  -9.9968095e-01
  -1.1741746e-01
  -3.1359065e-01
   5.6839147e-02
  -3.0621014e-01
  -4.5472841e-01
  -5.7985789e-01
  -2.2901055e-03
  -6.3630919e-01
  -6.4061400e-01
  -3.1049620e-02
   7.0242402e-01
  -7.7949337e-01
   3.8922101e-01
  -2.4287186e-01
  -6.0026065e-01
  -8.1640372e-01
   4.7803273e-01
  -6.3897833e-01
   7.8102982e-01
  -5.2626321e-01
   8.7867223e-01
   1.1379476e-01
  -4.1356110e-02
  -6.0005852e-02
   1.0002163e+00
  -3.9115943e-01
  -1.7343164e+00
  -5.7588957e-01
  -9.5657285e-01
   9.5755645e-01
  -8.4657709e-01
  -4.8772606e-01
   7.1228027e-01
  -1.6717866e-01
  -3.8992677e-01
   4.4371666e-02
   4.7138280e-01
  -4.3778945e-01
  -2.0852192e-01
   4.4808259e-02
   1.3587668e-01
  -2.4706543e-01
  -6.3773711e-02
  -4.6188747e-01
   1.3033663e-02
   4.8377319e-01
  -1.6938100e-01
   9.7364327e-01
   2.7368299e-01
  -3.0771404e-01
  -3.0446643e-02
  -4.9512978e-01
  -6.7776739e-01
  -6.9641175e-01
   2.9848140e-01
  -1.4861037e-01
  -7.7716405e-02
  -4.0775191e-01
  -2.1438866e-01
  -2.3357107e-01
  -3.0452633e-01
  -2.0538372e-01
  -6.3835335e-01
  -4.8959968e-01
  -3.7709791e-01
  -7.0155727e-01
  -1.9512677e-01
  -1.4817405e-02
   6.6881977e-02
   1.1608853e-01
  -1.1910094e-01
   5.6629677e-01
  -3.1164186e-01
  -1.9336519e-01
  -7.5858266e-01
   6.4365043e-01
   1.2023499e+00
  -6.4028149e-02
  -4.4122850e-01
  -1.2735018e-01
  -4.8204950e-02
  -2.9325639e-01
  -6.2731763e-01
   7.8675337e-01
   2.6710270e-01
  -1.5486096e-01
  -3.3411028e-01
   4.9380070e-01
   3.6174620e-01
   1.7352161e-01
   2.9101429e-02
  -2.6208130e-01
   6.2786479e-01
   1.1880955e+00
   2.7742976e-01
   7.7087791e-01
   2.1931834e-01
   1.2211987e-01
  -7.0867798e-01
  -1.0052140e+00
   1.7422192e-01
  -2.4214809e-02
   1.7140746e-01
   7.5579907e-01
   1.1375178e-01
  -2.0886183e-01
   3.2948420e-02
   4.6743090e-01
   3.6302844e-01
  -6.2395191e-01
   4.5820211e-01
   6.6610646e-01
  -1.0457535e-02
   8.3041400e-01
   6.7525541e-01
   6.9398148e-01
  -5.2242626e-01
  -7.4020544e-01
   2.2547424e-01
  -5.2281435e-01
   1.1517391e-01
  -6.0081516e-01
   9.2978028e-03
   1.9810956e-01
  -1.9843034e-01
  -7.9048345e-02
   1.0370694e-01
   1.3979949e-01
  -2.6597326e-01
  -7.3717946e-01
  -4.8212720e-01
   6.6230856e-01
   3.5348158e-02
   1.0991445e-01
   1.7074275e-01
   1.7985881e-02
  -1.3508971e+00
  -3.8976763e-02
  -2.8575583e-01
  -3.8921859e-01
   2.0467296e+00
  -3.8540354e-01
   5.8687065e-02
   3.2310061e-01
   9.9449132e-02
   8.4901096e-01
  -1.9558450e-01
  -1.6318172e-01
  -3.5055387e-01
   1.1937812e-01
  -2.0262763e-01
  -6.7015695e-02
   1.7852462e-01
   8.4943493e-01
   5.2647862e-02
   1.0120603e+00
  -4.9487095e-01
  -4.8155937e-02
  -3.3021005e-01
   1.2208368e-02
  -8.3318292e-01
  -1.8130874e-01
  -2.5874991e-01
   6.5355600e-01
  -9.6713393e-02
  -5.3195250e-01
  -2.6497779e-01
   1.6404888e-01
   1.1433593e+00
   9.7559574e-03
  -3.5906491e-01
   2.3104136e-01
   7.9872172e-01
   1.1898716e+00
  -6.8733642e-02
  -1.8270865e-01
   9.9570276e-01
  -2.8544749e-01
   3.5970352e-01
   4.5912986e-01
   2.4480456e-01
  -5.8493313e-01
  -2.3514157e-01
   3.5172166e-01
  -7.7221288e-01
  -5.0004877e-01
  -1.8948300e-02
  -9.4502370e-02
  -1.3499991e-01
  -2.6717459e-01
   9.3620085e-01
   4.3482188e-01
  -5.9749511e-01
   1.0042561e+00
  -2.0398034e-01
   6.6809143e-02
  -3.9937446e-01
  -1.1852963e+00
   4.2366588e-01
   3.6026140e-01
   2.0403775e-01
  -4.1425665e-01
   1.9394798e-01
   9.3558882e-01
  -9.6546749e-02
  -5.1029668e-01
  -3.6795376e-01
  -7.5594916e-01
   7.3659066e-01
   9.0915269e-01
  -1.4404086e-01
   9.8031913e-01
   8.5307352e-03
   4.1040439e-01
   4.9299487e-01
  -2.8427307e-01
   9.0631800e-02
  -4.4667894e-01
  -3.0919465e-01
   1.7615909e-01
  -2.8916080e-02
  -1.9946176e-01
  -8.1829906e-01
  -2.2879240e-01
   3.2414477e-01
   3.9014578e-01
  -4.9612212e-01
   2.5010540e-01
   2.6188125e-01
  -7.2224548e-01
   1.8861383e-01
   5.3352318e-01
  -4.1503646e-01
  -1.8504149e-01
   5.8646151e-01
   5.2413987e-02
  -4.9569754e-01
   4.9677777e-01
  -7.2213628e-01
  -2.6525678e-01
   4.6770895e-01
  -2.1059191e-01
   8.2111137e-01
  -8.5533208e-02
  -8.4813502e-01
  -3.6634042e-01
  -3.2743003e-01
   3.5579519e-01
  -3.8185775e-01
  -3.9667177e-01
   4.9664971e-01
  -2.9675635e-01
  -7.6195412e-01
  -6.6967156e-01
   4.6447452e-01
   6.0733463e-01
   1.4636220e-01
   4.3831562e-01
   3.6598256e-01
  -7.2104731e-01
   2.8548053e-02
  -5.3816573e-01
  -2.7017442e-01
   3.1441246e-01
  -1.1701797e+00
  -3.7606625e-01
  -4.5141285e-02
   6.0936048e-01
  -7.0918217e-01
  -6.4330242e-01
   3.2759191e-02
   2.3057476e-01
   2.2915204e-01
   3.2691765e-01
  -2.1064996e-01
   5.3540789e-01
   4.5605904e-01
   4.5497994e-01
   4.0940560e-01
   5.1236307e-01
  -7.7041384e-04
  -4.5020027e-01
   2.1526544e-01
  -3.4217365e-01
  -2.5602861e-01
  -5.4374083e-01
  -1.0476498e+00
  -7.7591810e-01
   6.9577838e-02
  -2.2726745e-01
  -2.1839462e-01
  -4.7604308e-01
  -6.2125259e-01
  -9.5785790e-02
   4.7969390e-01
  -6.3760594e-02
  -7.2367520e-01
   6.4968600e-01
   1.4395036e-01
  -2.4925118e-01
  -2.7917498e-01
   4.8248787e-01
   4.3385666e-01
  -6.6349647e-01
   6.0453800e-01
  -6.6529257e-02
  -1.5927704e-02
  -2.3216727e-01
  -1.5714711e-01
  -6.6540747e-01
   4.6557292e-03
  -9.9730587e-02
  -2.6315676e-01
  -4.6574399e-01
   7.2480448e-02
   6.4475736e-01
  -4.8944788e-01
  -5.4809252e-01
   1.6907888e-01
  -3.5881658e-01
   6.1778438e-01
  -1.1323478e+00
  -1.7697989e-01
  -3.2240413e-01
  -3.5709776e-01
  -5.4041251e-02
  -5.5306079e-01
   2.0696556e-01
   4.9042788e-02
   2.2523189e-01
  -5.6341630e-02
  -8.1009334e-02
  -3.0259056e-01
   3.5440720e-01
  -3.3855449e-01
  -1.2158999e+00
   2.4272354e-01
   4.9202533e-01
  -8.9375337e-01
   1.1861733e-01
   7.3166424e-01
  -8.4201903e-01
  -5.5528145e-01
   8.0316316e-01
  -3.9175559e-01
  -2.7141400e-01
  -3.6937977e-01
   4.8578358e-01
   9.3434597e-02
   9.1298793e-01
  -2.0600406e-03
   2.2839123e-01
  -2.9529241e-01
   1.4037622e-01
  -2.1952486e-02
   2.8863123e-02
  -4.6385488e-01
   8.0042908e-01
   7.5274385e-02
  -7.3216510e-01
  -7.7966501e-01
  -3.7515850e-01
  -3.2647668e-01
   5.3750688e-01
   1.4917280e-01
   3.6460352e-04
  -2.7693391e-01
  -6.3263050e-01
  -5.9482921e-01
   2.9454375e-01
  -1.2873739e-01
   1.6610844e-01
  -1.1803913e-02
  -1.5995051e-01
   4.9675694e-02
   4.6881714e-01
  -6.7289935e-01
  -6.1218881e-01
   6.4910754e-01
  -4.8163174e-01
  -1.0351400e+00
   5.8530393e-01
  -7.3493931e-01
  -1.1135289e-01
  -1.2327528e+00
   1.4345667e-01
  -1.4401177e-02
  -4.5070891e-01
   2.4407790e-01
  -1.5085331e-01
  -3.1516010e-01
   5.0411483e-01
  -3.3303250e-01
   8.4167872e-02
  -6.0359699e-01
   7.9672920e-01
   3.5261571e-01
  -6.4016412e-01
   4.0863478e-01
  -3.5384365e-02
  -4.8668071e-01
   3.9852417e-01
  -7.8495870e-02
   7.0532068e-01
  -5.4587524e-02
   5.5079214e-01
   1.1259443e+00
   3.7626571e-01
   3.9238133e-01
  -7.1962915e-01
   2.8121666e-01
   6.5360913e-01
   2.4970060e-01
   7.0651450e-01
  -1.7507927e-01
   1.0684378e+00
   3.6087986e-01
   1.8042921e-01
   6.1495796e-01
  -8.4945989e-01
   9.3216385e-02
  -1.6607086e-01
   7.0333476e-01
  -6.5296085e-01
   2.4250043e-01
   1.2287989e-01
   1.2807184e-01
  -3.7838897e-01
   3.9042653e-01
  -4.3569519e-02
   3.3485456e-01
   1.1618150e+00
  -1.8919913e-01
   1.2474253e-01
   4.9648946e-02
   1.2201287e+00
  -3.0039867e-01
  -5.7763086e-01
  -5.0251594e-03
   7.7084101e-01
   1.0196088e-01
   5.8338203e-03
   2.6778277e-01
   7.9347041e-02
  -8.0860079e-01
  -2.3025815e-01
   3.9490674e-01
  -3.7351322e-01
   2.4746151e-01
   6.4075872e-02
   2.8470727e-01
   1.0600580e+00
   4.4235713e-01
   1.2090474e-01
  -2.1410257e-01
   1.0878965e+00
  -7.0577715e-02
  -4.3886948e-01
  -8.6076201e-02
  -2.4444686e-03
   3.4295148e-01
  -5.4192908e-01
   2.0713970e-01
  -7.1942381e-02
  -6.6121709e-01
   8.3693982e-01
  -6.2884371e-01
   1.0244126e+00
  -1.2282404e-01
   7.7385939e-01
  -9.3577385e-02
  -5.4448706e-01
  -8.3966012e-01
  -4.4643571e-01
   1.2037921e+00
  -2.9462639e-01
   1.3629107e-01
   1.3634409e-01
  -2.9604410e-01
   2.1371460e-01
   6.2064340e-02
  -2.1263312e-02
  -3.1394501e-02
  -4.5202133e-02
  -1.9781592e-01
   2.5028334e-01
   1.7447773e-01
  -7.2330037e-02
  -1.6166758e-01
   1.0779206e+00
   2.5451133e-01
  -4.5656576e-01
  -5.2391946e-01
  -6.9387507e-02
  -1.1052744e-01
  -6.0180763e-01
  -1.4398036e-01
  -2.0426664e-02
  -3.1671916e-01
  -4.8169530e-01
  -5.0477712e-01
   8.9891049e-01
   2.3384499e-01
  -9.3055148e-02
   4.6520449e-02
  -6.3006582e-02
   3.1616223e-01
  -3.1149316e-01
   5.1016541e-01
  -1.0471930e-01
   5.2805248e-01
  -3.7419838e-01
  -2.7949908e-01
   4.9838098e-01
   2.1786907e-01
  -3.8266210e-01
   3.2135241e-01
   2.5385530e-01
  -2.6240938e-02
  -3.8366240e-03
   7.6519272e-01
  -4.2623148e-01
  -2.7072792e-01
  -5.5163372e-01
  -4.4964427e-01
  -6.6075263e-01
  -6.3382257e-01
  -4.6993792e-01
  -4.5436294e-01
   6.7409467e-01
  -5.6589023e-01
   3.1535616e-01
  -7.7958698e-01
  -4.2814499e-01
   6.7112999e-01
   8.5489407e-02
   3.4937028e-02
  -1.5735885e-01
  -3.8501514e-01
   2.8188614e-01
   3.3684515e-01
   4.2027484e-01
  -6.7455689e-02
   1.4627188e-01
  -3.8827202e-01
  -5.0234273e-02
   1.9693226e-01
   8.4263435e-01
  -7.6634647e-01
   2.8564466e-02
  -7.0984479e-01
   1.3098953e-01
   6.6898982e-01
  -7.9734086e-01
   2.5753895e-01
   5.8551920e-01
  -2.1288895e-01
  -2.6758124e-01
   2.0894642e-01
  -4.1913956e-01
  -1.5215156e-01
   5.9929604e-01
   2.3723472e-02
   3.0025522e-01
   1.1200849e-01
  -3.6980641e-01
  -2.3774333e-01
   4.9487845e-01
  -2.2002174e-01
   3.9708749e-02
  -4.7577090e-01
  -2.4425893e-01
   1.5871093e-01
   1.2946931e-01
   3.5282500e-01
   5.5498000e-01
  -4.6533466e-01
   4.4800575e-01
  -4.6700735e-02
  -1.0921035e-01
   9.9043536e-02
   1.5960387e-01
  -1.6892643e-01
   4.2895571e-01
  -1.6493275e-01
   1.2829790e-01
  -3.2868942e-02
   6.7624327e-01
   6.0472196e-02
  -3.3346988e-01
  -6.8201406e-01
  -6.1482099e-01
  -1.0431476e+00
  -2.6607301e-02
  -6.1720040e-02
   6.0420879e-01
   4.0277024e-01
  -3.2037721e-01
  -7.1053036e-02
  -3.3944602e-01
  -2.3219571e-01
   2.2267071e-01
  -1.2657540e-01
  -6.5335225e-01
   5.0539473e-01
   3.0786807e-02
   1.9331566e-01
   5.8740279e-01
   3.8295522e-01
  -9.4300257e-02
   3.0336857e-01
   3.4031217e-01
   1.7024626e-02
  -5.7073579e-02
  -4.3619895e-01
   2.8185389e-01
   6.5846877e-01
   2.1723325e-01
  -3.3848548e-01
  -3.9369497e-02
  -4.7786551e-01
  -5.5060449e-01
   1.9347313e-01
   1.7310576e-01
  -3.1935325e-01
  -9.1447249e-01
  -3.8103991e-01
  -6.4202290e-02
  -6.2861095e-01
  -8.2397955e-01
   7.8820184e-02
  -5.7537584e-01
  -6.7642900e-01
   2.1985474e-01
   2.1825129e-01
   5.8750909e-01
  -9.7410665e-02
   1.3117346e-02
   1.1491774e+00
  -8.2674300e-01
   2.8225867e-01
  -8.9578373e-02
   2.6873620e-01
   8.1473602e-01
   2.6833312e-01
   2.3407508e-01
   2.6063809e-01
   2.7102209e-01
   5.1383756e-01
  -2.3929241e-01
   2.2431580e-01
  -1.1897375e-02
  -6.6976040e-01
  -4.9400855e-01
  -6.8636212e-01
  -3.2937997e-01
   6.0523930e-01
   6.8882333e-01
   1.3968870e-01
  -9.4702591e-01
  -3.9993108e-01
   7.4967143e-02
  -8.2343117e-02
   1.1328293e-01
   4.8211722e-01
   1.9861467e-03
  -1.0249930e+00
   6.9253934e-01
   3.2348880e-01
  -2.1268463e-01
  -8.5065960e-01
  -6.4371645e-01
   1.3290425e-01
  -2.6943573e-01
  -4.9396213e-01
   7.3701483e-01
   5.9074656e-01
   2.1645916e-01
   2.4925882e-01
   5.0186086e-02
   2.2811758e-02
   7.8898501e-01
   7.4481795e-02
   6.6432906e-01
  -8.7272641e-01
  -5.9497385e-01
   9.4279455e-01
  -6.4893959e-01
  -2.6402023e-01
   1.5578404e-02
  -1.6658752e-01
   2.5677351e-01
   7.0961239e-01
   1.0521975e-01
  -1.8970389e-01
  -1.4052932e-01
   1.0707780e-01
  -9.5779217e-01
  -5.3251933e-01
   5.0626976e-01
  -9.7711191e-03
   1.4976302e+00
  -7.8464909e-01
  -3.1809399e-01
   9.0872561e-01
   7.3397242e-02
  -8.5624592e-01
   1.5702580e-01
  -7.0467395e-01
   4.3265651e-02
  -6.9814889e-01
   1.1150678e-01
   1.7993305e-01
   1.0623322e-01
  -2.1071078e-01
   8.2439342e-01
  -2.8815963e-01
   2.7803698e-01
  -1.7202625e-01
  -3.0913405e-01
   3.4876993e-01
   2.6843020e-01
   7.8847909e-01
   2.8215601e-01
  -2.8443265e-01
  -6.4239939e-02
  -3.6334671e-01
  -4.1489058e-01
   3.7042424e-01
  -3.5913256e-01
   5.0580530e-02
   2.8340372e-01
   6.4342341e-01
   1.9731889e-01
   1.3976330e-01
  -3.8395953e-02
  -1.6354113e-01
   1.0727540e-01
  -4.2322867e-01
   2.9727615e-01
   8.0256818e-01
   6.5175690e-01
   1.6839479e-01
  -3.4855826e-01
  -6.2027087e-01
  -2.4447652e-02
   2.2447336e-01
   6.8931855e-01
   1.7514332e-01
  -1.9006081e-01
   1.2246280e-03
   8.6758781e-01
  -4.1769320e-01
   9.0159017e-02
   5.1162722e-03
   2.8727784e-01
   1.1540179e-01
   3.9336801e-01
   1.7497999e-01
  -2.0363153e-01
  -9.4148077e-01
   4.1359866e-01
   2.6754250e-01
  -5.1093894e-01
  -2.9052570e-01
  -2.1846443e-01
  -1.1246901e+00
   6.4664981e-01
   6.7079298e-01
   6.5755359e-01
  -8.1976191e-01
  -7.0648072e-01
   7.8733051e-01
   6.7381584e-01
   5.1023767e-01
   3.7921883e-02
  -6.3942618e-01
   1.0551534e-01
   3.3179574e-01
  -5.1416166e-01
   4.3682968e-01
   3.4695462e-01
  -1.9601032e-01
  -5.6333049e-01
  -4.6004916e-01
   3.1775613e-01
   1.1039549e+00
   2.7860271e-01
   4.3714922e-01
  -6.7051179e-01
  -4.1631624e-01
   1.4220061e-01
  -9.0775906e-01
  -4.3782890e-01
   4.1324000e-01
  -4.7766465e-01
   9.1467672e-01
   5.0037271e-01
   1.2188161e-01
   5.0452969e-01
  -6.4392041e-02
   1.0347458e+00
  -1.0196271e+00
  -3.3388789e-01
   1.8947921e-01
  -5.1767170e-01
   6.6893146e-01
   8.3656326e-01
  -3.7128400e-01
   5.7875201e-01
   1.5873147e-01
  -2.2170378e-01
   4.4955255e-02
  -5.1892414e-01
  -1.2159479e-01
   1.8830855e-01
  -2.8771721e-01
   3.6046070e-01
  -3.6242828e-01
   1.4504663e-01
   2.3698897e-01
  -8.4492122e-01
  -3.5478762e-02
   4.1935759e-03
  -4.0698872e-01
  -1.1630586e-02
  -9.0302289e-01
   5.6252133e-01
   4.4396898e-01
   2.7054124e-03
   4.4919662e-01
  -3.6244311e-03
  -1.3555046e-01
   3.6409329e-02
  -9.8250429e-02
  -2.3344714e-01
   3.5154907e-01
  -1.2882859e-01
  -5.4471551e-01
  -4.1561862e-01
   1.8635971e-01
   2.9133037e-01
  -4.3495732e-01
   1.7095617e-01
  -5.6079610e-01
  -2.5180004e-01
  -8.4526059e-01
   5.2926433e-01
  -4.0430190e-01
   4.8542367e-01
   2.8462955e-02
  -1.4803009e-01
   5.7248362e-01
  -2.8030695e-01
   2.2553690e-01
  -1.0016182e+00
   4.8745550e-01
  -1.1972493e-01
  -6.9101204e-01
   4.8673945e-01
   3.9228987e-01
   2.1271189e-01
   4.9419823e-03
  -2.7279166e-01
   4.6398089e-01
  -3.4464626e-01
  -6.2896173e-02
  -9.1214184e-01
   1.1042150e-01
  -2.6018597e-01
  -3.3906253e-01
  -4.8222604e-01
  -5.9870328e-01
  -7.9816432e-02
  -1.1409079e+00
   3.6505711e-01
   1.4772597e-01
  -3.6797468e-01
  -1.5619041e-01
  -3.9248006e-02
  -8.1721253e-01
   1.3872523e-02
   3.7833357e-01
   3.1226250e-01
   3.0990228e-01
   7.3726448e-01
  -3.5553266e-01
  -4.3857773e-03
   4.8906096e-01
   7.1653630e-02
   1.9672458e-02
   1.0230837e+00
   3.1420630e-02
   1.0245394e+00
  -3.3576530e-01
  -1.2227162e+00
  -4.4012404e-01
  -2.7967220e-01
  -1.2773328e-01
  -3.4786228e-01
   2.3470597e-01
  -6.4883514e-01
   7.4889501e-01
  -6.5894520e-01
   7.9749965e-02
   2.8322119e-01
  -6.7921768e-01
  -2.8959805e-01
   3.7964713e-01
   4.6614509e-01
   6.2146342e-01
   1.9587634e-01
  -1.8178122e-01
  -4.3569526e-01
   2.6979953e-02
  -4.7578701e-01
   5.4546059e-01
  -9.5195869e-02
   4.0879111e-01
   8.3079415e-02
   1.9233953e-02
  -6.8811091e-01
  -3.5488532e-01
   8.9983347e-01
  -5.4903570e-01
  -6.3900247e-01
   4.9816969e-01
   2.7231246e-01
   6.3588434e-03
  -8.1134474e-02
   7.7660065e-02
   5.8230759e-01
   2.3645319e-01
  -6.7926313e-01
  -3.1925174e-01
  -1.6883773e-01
  -8.1753217e-01
  -5.6166283e-01
  -7.1371355e-01
  -3.6224466e-02
   2.4832379e-01
  -4.2826517e-02
  -2.7233268e-01
  -6.0060765e-01
  -6.6630761e-01
  -8.7361194e-01
  -9.9059590e-02
  -8.2919678e-02
  -1.2643931e-01
   2.7872168e-01
  -2.5602661e-01
   1.0522403e-01
  -4.4793745e-01
   6.8210841e-01
  -6.0471644e-01
   6.9696459e-01
   8.6500267e-01
  -4.5523209e-01
   2.5572397e-01
  -4.5533861e-01
   2.8006050e-02
  -2.8549969e-01
   7.1162754e-01
  -6.1795937e-01
  -2.4189424e-01
  -2.2110168e-01
   3.5757954e-01
  -2.7497939e-01
  -2.6892693e-01
   1.5655042e-02
  -3.1660790e-01
   1.2130525e+00
  -1.2743882e-01
  -7.6158985e-01
   1.4834190e-01
  -2.3573151e-01
  -6.8257348e-02
  -4.4432874e-01
  -4.6990427e-02
  -3.0034266e-01
  -3.1352982e-01
   2.8440513e-01
   2.8709918e-01
   1.6539410e-01
  -2.8705199e-02
   3.1236420e-01
  -1.3210965e+00
  -5.5775505e-01
  -7.9707456e-02
   5.5120644e-01
   5.3904696e-02
   7.0334179e-02
  -5.9824523e-01
  -9.4938437e-02
   4.8089405e-01
  -4.3065723e-01
  -1.1610220e+00
   5.6723896e-01
  -1.8828044e-01
  -3.2662388e-01
  -4.5575067e-01
   2.0695390e-01
  -5.5834150e-01
   1.0812090e-01
  -8.6837736e-02
  -5.2746780e-01
  -5.5073511e-01
  -3.7001304e-01
  -1.1276355e+00
  -2.7302233e-01
   1.2201938e+00
  -2.4525632e-01
  -1.5865171e-01
  -1.7169198e-01
   7.1271039e-01
   5.7446603e-01
   9.9459031e-01
  -2.0303154e-01
   2.8203563e-01
  -6.0794586e-01
  -2.7796024e-02
  -4.1808143e-01
  -5.9008704e-01
   2.8292324e-01
   1.1088024e-02
  -3.9796343e-02
   1.8218527e-01
   1.9786995e-02
  -2.1491348e-01
  -3.1492712e-01
   5.2725299e-02
   5.4814946e-01
   2.5714605e-01
   1.0179893e+00
   5.4029861e-01
   3.7341034e-01
  -3.2703132e-01
  -1.5076766e-01
   1.1921309e-01
  -1.0355534e+00
   1.5749040e-01
   2.4741206e-01
   4.9631953e-01
   2.6165991e-02
   2.8833420e-01
  -1.4100408e-01
   6.4429647e-01
  -3.2947149e-01
  -1.2346296e-03
  -5.5891136e-01
   5.7576179e-01
  -6.6512039e-01
  -7.2582727e-03
  -3.8087242e-01
   3.2299224e-01
   4.3350574e-01
   5.4614003e-01
   3.5265837e-01
  -6.1384174e-01
   4.7859887e-02
  -8.6530261e-01
   1.0509142e-01
  -1.0097929e-01
   6.1566960e-02
  -6.3689633e-02
   3.3486835e-01
  -9.1462873e-01
  -1.1396397e+00
   3.2743966e-02
   4.8690852e-01
   4.7580970e-02
   1.1282431e-01
  -1.4214282e-01
   1.1178723e+00
  -1.7413482e-01
   7.4154018e-01
   3.4671318e-01
  -1.4103410e+00
   2.9434055e-01
  -8.5250634e-01
   5.9087341e-01
   1.3173868e-01
  -2.4669345e-01
   1.6296124e-01
  -2.4239345e-01
   3.8616441e-01
   4.8963898e-01
   3.3239563e-01
  -1.6701078e-01
  -3.4496921e-02
   6.9490881e-01
   1.1102307e+00
   3.4724843e-02
  -7.8157492e-01
  -1.0402029e-01
  -1.3056810e-01
  -5.7180635e-01
   2.9727311e-01
   7.5335283e-01
   2.7889694e-01
   4.0981454e-01
   3.6443319e-01
  -1.4401887e-01
  -1.4975091e-01
   1.2519375e-01
   1.9421455e-01
   1.2654833e-01
  -6.2553411e-02
  -4.1130144e-01
  -1.3403074e-01
   1.0676067e-01
  -3.4600616e-01
   5.2293043e-01
  -8.0922412e-01
   1.1801720e-01
   1.8242266e-01
  -9.5565112e-01
  -2.5107656e-02
  -2.7986098e-01
   4.5487761e-01
   1.2026511e+00
  -4.6337895e-01
   2.0084272e-01
  -6.1236176e-01
  -4.0619089e-01
  -1.0394389e-01
   2.0190105e-01
   4.3222357e-01
  -6.8373660e-04
  -7.8462705e-01
  -5.1757473e-01
  -3.9111921e-02
   2.6895227e-01
  -5.4372162e-02
  -3.4398320e-01
  -4.0715119e-01
   1.4338358e-01
  -1.2110221e-01
  -3.5100972e-03
  -4.1428476e-01
   6.9875884e-01
  -7.8844216e-02
  -8.7030581e-02
   6.4135206e-01
   2.0154466e-01
  -5.2678791e-01
  -1.3905344e-01
  -1.0156467e+00
   4.1970047e-01
  -3.3809942e-01
  -1.3928598e-01
   4.4314678e-01
  -5.0955757e-01
  -5.7385049e-01
  -3.1366022e-01
  -2.9539882e-01
   4.7661461e-02
   4.7680879e-01
  -6.7717967e-01
   8.9817950e-01
   1.4826012e-01
   1.1432895e+00
  -9.5269684e-01
  -4.8328563e-01
   1.4276215e+00
   3.0196639e-01
   5.1904187e-01
  -2.5905367e-01
   3.5282055e-01
  -3.1325503e-01
   2.6027736e-01
   7.8060144e-01
   3.6924846e-01
  -9.2772803e-01
  -2.3398872e-01
   1.0558684e+00
  -8.9686149e-01
  -4.5730304e-01
  -5.9620575e-01
   3.1688456e-01
  -2.1900880e-01
  -4.0383209e-01
   2.7756770e-01
  -9.6710673e-01
  -7.9734696e-02
   4.4732381e-01
   6.8238151e-01
   1.1131354e-01
   3.8092423e-01
   7.6608328e-01
  -1.4950777e-01
  -3.7098478e-01
  -1.2158654e-01
  -7.1329941e-01
  -6.6236312e-01
  -4.9755261e-02
   1.2043037e+00
  -4.2937233e-01
   8.8555198e-02
  -6.4619502e-01
   7.8040121e-01
  -2.0699083e-01
   1.3231195e+00
   5.1149259e-01
   4.0635910e-01
   4.7427203e-01
   1.6897871e-01
  -3.8230415e-01
  -5.3132548e-01
  -4.6776391e-02
   2.0077019e-01
   9.6826006e-01
   1.4342262e-02
   7.2634535e-01
  -3.5839516e-01
  -1.6360535e-01
   2.1253664e-01
   2.2264548e-01
  -4.7539226e-02
   5.8708961e-01
   1.4942221e-01
   2.9449449e-02
  -5.4600804e-02
   2.1016502e-01
   1.8524182e-01
   2.2214795e-01
   3.7300492e-01
   4.4737838e-01
  -7.6839149e-01
   5.6832810e-01
   1.2341656e-01
  -2.2506425e-01
   2.6314397e-01
  -7.1326394e-01
   4.9368993e-01
   5.7773316e-01
  -2.0181158e-01
   2.1513003e-01
   5.1181909e-02
   6.6306398e-01
  -1.2247672e-01
  -7.3742608e-01
   2.9508943e-01
   5.4541201e-01
   2.4523021e-01
   2.7955151e-01
  -3.4833252e-01
   1.2021016e-02
  -2.3269675e-01
  -3.8989279e-01
  -6.8874415e-02
  -3.8892095e-01
  -6.4052341e-01
   7.2201167e-02
  -6.8592609e-02
   1.4599009e-01
   2.8510502e-01
  -2.9430109e-01
  -3.4068168e-01
   4.9206988e-02
   2.5035297e-01
   5.6939633e-01
   2.9261430e-01
   8.0821621e-02
   3.1520345e-01
  -1.2804573e-01
   5.7307061e-01
  -1.4226610e-01
  -2.8543921e-01
   1.5122014e-01
   3.4175943e-01
   4.5960432e-02
   3.2297565e-02
  -1.2410917e-01
  -4.6959191e-01
  -6.5679314e-01
   1.5928317e-01
  -1.3264276e-01
  -1.0613598e-01
  -3.8540139e-01
  -3.4383952e-01
  -1.1434854e+00
  -5.7248393e-02
   5.8828213e-02
  -8.0150760e-01
  -2.0537659e-01
  -6.8371276e-01
   2.7560367e-01
  -6.6211804e-02
   1.3110679e-01
   8.1059891e-02
   3.2607268e-01
  -5.3631398e-01
  -3.2053918e-01
   5.8030154e-01
  -2.2951934e-01
  -5.1706315e-01
   6.8540473e-01
  -7.8862932e-03
   4.1963169e-01
   9.0886541e-01
  -3.2859814e-01
  -5.3237134e-02
  -1.7404192e-01
   1.0211314e+00
   4.4112748e-02
  -3.2643436e-01
  -3.0440181e-01
   3.8040696e-02
  -1.2298799e+00
  -4.6156912e-01
  -1.1081191e-01
   3.9857649e-01
   9.0878696e-01
  -4.8968287e-01
   6.1123365e-01
   3.6428662e-01
  -2.2949395e-01
  -4.0447792e-02
   5.9423695e-01
  -4.0116887e-02
   1.8314355e-01
  -5.8694630e-01
   5.5189039e-01
   1.4295668e-01
   4.4207528e-01
  -2.3310252e-01
  -6.4710016e-01
  -7.1302410e-01
  -6.7150092e-01
  -6.9506094e-01
   6.9015625e-01
  -1.8564282e-01
   5.6175185e-01
  -4.6902085e-01
   4.7881104e-03
  -1.7955608e-01
   1.1117013e-01
   3.8669569e-01
   2.9012495e-01
   1.1200249e-02
   8.3584355e-01
   8.5686268e-02
  -5.3842553e-01
  -1.1036717e-01
   2.7446947e-01
   7.8144462e-01
  -3.6207077e-01
   3.9034935e-01
  -1.6586139e-01
   4.1534457e-01
  -6.4768422e-01
  -2.9698306e-01
  -4.6368438e-02
  -4.7010320e-01
   3.1836599e-01
  -2.9849934e-01
  -9.0703451e-01
  -5.7978045e-02
  -5.2504455e-01
   7.4227865e-01
   7.2134357e-02
  -2.7369396e-02
   9.1619805e-01
   2.4533323e-01
  -1.2641845e-01
  -1.7501308e-01
   1.7491834e-01
  -1.0991714e+00
  -7.1185528e-03
  -5.7257369e-01
   6.5114057e-02
   9.6700279e-02
   4.2192734e-01
   1.9658858e-01
   1.0554102e+00
  -4.2168421e-02
   4.8676878e-01
   4.0746002e-01
  -4.5885809e-02
   2.2352619e-01
   1.4336947e-01
  -4.5321200e-01
  -6.6106817e-01
  -1.8773815e-01
   9.4845624e-02
  -1.1705029e+00
   2.3339602e-02
   3.7594667e-01
   2.8070582e-01
  -5.0509733e-01
   7.2058868e-01
   9.5223920e-02
  -1.4485187e-01
   5.8758981e-01
  -5.9761467e-01
  -5.7217208e-01
   1.8148915e-01
  -5.6649741e-02
   3.7738627e-01
  -3.0824853e-01
  -6.8532076e-01
   1.2023524e-01
   2.5613065e-01
   3.8793460e-01
   2.5995489e-02
   7.1924987e-01
  -1.2500618e-01
   1.5960761e-01
   6.4341833e-01
   7.8045138e-02
   3.6468670e-01
   3.5446801e-01
  -4.0270338e-01
   8.8453901e-01
   4.2413509e-01
  -4.2505733e-02
   3.9602020e-02
   3.9930931e-01
   3.3747944e-01
   1.2169067e-01
   1.9087260e-01
  -2.2107443e-01
  -4.9849977e-01
   5.6767291e-02
   6.8237399e-02
  -9.6409121e-01
  -1.2821267e+00
  -1.4281888e-01
   7.5814863e-02
   3.7375210e-01
   5.3354581e-01
  -3.9473842e-01
  -7.2286082e-01
  -1.0090479e+00
   2.0575666e-01
   1.5747274e-01
  -3.9516030e-01
   6.4722440e-01
  -8.3858081e-02
  -4.4495514e-01
  -5.7603847e-01
   7.8508892e-01
  -8.9435100e-02
  -3.6793796e-01
   6.1525997e-01
  -3.0870896e-02
   6.5316496e-01
   7.0264007e-01
   5.5472995e-02
   3.1238368e-01
  -3.3562653e-01
   4.4789439e-01
  -4.6109215e-01
  -4.0519937e-01
   3.3691592e-01
  -4.4345065e-01
  -3.5577796e-01
  -7.0059554e-01
   5.7114851e-02
  -5.7980766e-01
   2.3091618e-01
  -5.4178832e-01
   8.0040142e-01
  -4.4207619e-01
   3.6639488e-02
   4.8708169e-01
   6.8652134e-01
   8.8821319e-01
   4.1771454e-01
  -4.5315856e-01
   9.1214566e-02
  -4.8050296e-01
   3.1417300e-01
  -6.8776809e-01
   4.9256195e-01
   9.4716475e-01
  -5.5262974e-01
  -7.1622950e-01
  -1.4202796e-01
   3.5533220e-01
   1.6476625e-01
   3.1483008e-02
  -1.4112889e-01
  -5.1931970e-01
  -5.9285581e-01
   5.6846264e-01
  -7.4015637e-01
   1.1575051e+00
   1.0363276e+00
  -4.4549075e-01
   2.2600071e-02
   1.5105922e-01
   9.0316739e-01
  -3.1440549e-01
  -6.4008714e-01
  -3.2637808e-02
   4.2878763e-01
   8.5172873e-01
   5.2992462e-01
  -1.3871579e-02
   9.4816945e-02
  -1.1604580e-01
  -6.2613676e-02
   2.2110059e-01
  -1.0047744e-01
  -4.9113819e-01
   1.6630965e-02
   5.0675115e-01
  -3.3582920e-01
  -1.9098899e-01
  -5.0076180e-01
   8.4590384e-01
   1.4409296e-01
  -2.2783746e-01
  -7.3705657e-01
  -4.4293156e-01
   3.7832943e-01
   1.0640229e+00
  -1.0213676e-01
  -1.5690141e-01
  -3.4252102e-02
   7.4379235e-02
  -1.4861869e+00
   5.9209772e-01
  -7.3115694e-01
   7.3541203e-01
   3.6034724e-01
   4.8478999e-01
  -6.7732263e-01
   6.6494784e-01
   1.7712923e-01
   2.2039032e-01
  -2.9586021e-02
   1.7979559e-01
   3.4778802e-01
   5.5404985e-01
   3.5697006e-01
   3.6066702e-01
   6.4695811e-02
  -4.5395480e-01
   4.6205832e-02
  -2.5304711e-02
  -4.4661870e-01
  -6.5676090e-01
  -7.2272591e-01
   4.9040486e-01
   2.5096181e-01
  -1.2143716e+00
  -3.4805604e-01
  -7.9958687e-02
   2.4603069e-01
   9.9484857e-01
   1.2334602e+00
   1.1894378e-02
   1.5553242e-01
  -1.6120527e+00
  -8.7288554e-01
  -1.3663230e-01
   2.6324848e-01
   4.5390715e-01
  -1.7643766e-01
   4.7997814e-01
  -4.4585137e-01
   1.6080542e-01
  -3.3464999e-02
   7.6981363e-01
   2.9442795e-02
  -1.2394454e-01
   7.1501801e-01
  -3.8013941e-01
   1.2918475e+00
   1.7807544e-01
   1.2645032e-01
  -2.3783588e-01
  -6.6762525e-01
   4.3217895e-01
   6.7712682e-01
   4.9650355e-01
   3.7068933e-02
  -7.9871594e-01
  -6.4726315e-01
   6.9182851e-01
  -9.5133582e-01
   9.4383870e-02
  -5.0712604e-01
  -1.8328461e-01
   6.0100608e-01
  -1.1315780e-01
  -1.3417273e-01
  -8.2693656e-01
   1.1555719e+00
   5.2588357e-03
  -2.6992620e-01
   5.5010831e-01
   4.2684206e-01
  -4.3980949e-02
   2.6174689e-01
   8.9086929e-01
  -5.4036860e-01
  -9.9893466e-02
  -2.5731434e-01
  -2.2599083e-01
  -1.1243622e-01
   3.3243528e-01
  -1.1068339e+00
   5.7437007e-01
  -2.5842915e-01
   4.0077843e-01
